30.000000 -0.000000 0.602120 -0.000000 -0.000000 0.000000 0.000000
30.000000 -0.000000 0.382600 -0.000000 -0.000000 0.000000 0.070000
30.000006 -0.000003 0.587453 -0.000000 -0.000001 0.000000 14.820000
30.000008 -0.000003 0.796034 -0.000001 -0.000001 0.000000 15.050000
30.000008 -0.000003 0.999979 -0.000000 -0.000001 0.000000 15.250000
30.000008 -0.000003 1.205259 -0.000000 -0.000001 0.000000 15.440000
30.000008 -0.000003 1.415866 -0.000000 -0.000000 0.000000 15.630000
30.000008 -0.000003 1.615894 -0.000000 -0.000000 0.000000 15.810000
30.000006 -0.000003 1.836370 0.000000 0.000000 0.000000 16.010000
30.000006 -0.000003 2.042085 0.000000 0.000000 -0.000000 16.200001
30.000006 -0.000003 2.243253 0.000000 0.000000 -0.000000 16.389999
30.000006 -0.000003 2.446543 -0.000000 -0.000000 -0.000000 16.610001
30.000004 -0.000002 2.240452 0.000000 0.000001 -0.000000 17.590000
30.000004 -0.000002 2.035746 0.000000 0.000001 -0.000000 17.780001
30.000004 -0.000002 1.835359 0.000000 0.000001 -0.000000 17.950001
30.000004 -0.000002 1.628100 0.000000 0.000000 -0.000000 18.120001
30.000004 -0.000002 1.419383 0.000000 0.000000 -0.000000 18.290001
30.000088 -0.000002 1.215091 -0.000004 0.009989 -0.000000 18.459999
30.005596 0.000003 1.009598 -0.000141 0.069742 -0.000003 18.650000
30.051302 0.000112 0.809234 -0.000591 0.117891 -0.000016 18.889999
30.196314 0.000721 0.665225 -0.000861 0.116090 0.000009 19.180000
30.394409 0.001797 0.614959 -0.000642 0.080887 0.000120 19.430000
30.599140 0.003029 0.609013 -0.000103 -0.022728 0.000304 19.650000
30.798563 0.004331 0.627145 0.000705 -0.097133 0.000497 19.889999
30.936993 0.006069 0.771565 0.001461 -0.005678 -0.006461 20.670000
30.971291 -0.006632 0.968384 0.006386 0.149998 -0.032962 21.299999
31.164431 -0.025219 1.019393 0.001602 0.123633 -0.048050 21.590000
31.367172 -0.042572 1.038766 -0.000557 0.083261 -0.058620 21.809999
31.575974 -0.059349 1.045346 -0.001229 0.051363 -0.067059 22.010000
31.783686 -0.075376 1.044605 -0.000966 0.028348 -0.073819 22.200001
31.992222 -0.091104 1.039415 -0.000323 0.013601 -0.079054 22.389999
32.196407 -0.106389 1.032029 -0.000150 0.005030 -0.082696 22.580000
32.404015 -0.121883 1.023812 -0.000337 0.011540 -0.084979 22.780001
32.605751 -0.136853 1.016400 -0.000405 0.001340 -0.085898 22.980000
32.808674 -0.151761 1.010306 -0.000313 0.003474 -0.085687 23.190001
33.012775 -0.166634 1.006005 -0.000347 0.018218 -0.084513 23.410000
33.213238 -0.181166 1.004071 -0.000333 0.008390 -0.082669 23.629999
33.417599 -0.195875 1.003638 -0.000292 0.024526 -0.080346 23.860001
33.622528 -0.210569 1.004082 -0.000245 0.019756 -0.077967 24.090000
33.826992 -0.225174 1.005121 -0.000434 0.021676 -0.077046 24.320000
34.030296 -0.239685 1.006665 0.003188 0.018504 -0.079065 24.549999
34.233215 -0.255933 1.007928 0.008543 0.030800 -0.084126 24.780001
34.440002 -0.276700 1.008741 0.009528 0.035392 -0.091988 25.010000
34.643852 -0.301484 1.009411 0.008119 0.038562 -0.101100 25.230000
34.844624 -0.329072 1.009777 0.005592 0.034757 -0.110368 25.440001
35.049911 -0.359274 1.009959 0.003051 0.031226 -0.119439 25.650000
35.248257 -0.389362 1.009810 0.001187 0.028828 -0.127436 25.850000
35.447487 -0.419809 1.009452 -0.000458 0.011132 -0.134392 26.049999
35.652119 -0.450785 1.008890 -0.001960 0.012872 -0.140161 26.260000
35.852486 -0.480261 1.008271 -0.002450 0.021465 -0.144156 26.469999
36.052120 -0.508586 1.007996 -0.002370 0.028407 -0.146428 26.680000
36.253742 -0.536257 1.008001 -0.001942 0.028662 -0.147232 26.889999
36.457573 -0.563541 1.008105 -0.001338 0.027298 -0.146874 27.100000
36.662888 -0.590611 1.008238 -0.000764 0.026606 -0.145655 27.309999
36.869564 -0.617694 1.008382 -0.000716 0.027972 -0.143707 27.520000
37.067928 -0.643434 1.008397 -0.003595 0.025468 -0.140643 27.719999
37.266830 -0.668004 1.008208 -0.005844 0.021418 -0.135924 27.920000
37.474449 -0.691408 1.008099 -0.005796 0.009240 -0.129073 28.129999
37.676693 -0.711858 1.007715 -0.004602 0.007564 -0.121115 28.340000
37.881989 -0.730613 1.007500 -0.003114 0.014112 -0.112426 28.559999
38.082520 -0.747613 1.007601 -0.001679 0.008689 -0.104616 28.780001
38.286015 -0.764149 1.007680 0.001439 0.011192 -0.099511 29.010000
38.493469 -0.782158 1.007773 0.008367 0.024360 -0.098395 29.250000
38.692596 -0.803638 1.007961 0.009508 0.003881 -0.101914 29.480000
38.894115 -0.830480 1.007568 0.004268 -0.080051 -0.109664 29.730000
39.093414 -0.863023 1.006471 -0.004614 -0.127879 -0.123906 30.129999
39.264801 -0.771677 1.067235 -0.068252 0.088245 -0.107200 31.059999
39.427708 -0.664579 1.118253 -0.051052 0.074104 -0.080446 31.330000
39.594250 -0.558236 1.167925 -0.034514 0.055970 -0.054871 31.549999
39.762230 -0.453659 1.216008 -0.006427 0.045950 -0.032663 31.750000
39.940552 -0.352637 1.260118 0.038563 0.047039 -0.012781 31.950001
40.127953 -0.270192 1.295416 0.060400 0.035803 0.003312 32.150002
40.319542 -0.213530 1.319959 0.060707 0.011330 0.015167 32.349998
40.517708 -0.180761 1.334661 0.047801 0.021791 0.026498 32.560001
40.734131 -0.168687 1.340286 0.028638 0.017470 0.034534 32.790001
40.939629 -0.170977 1.337625 0.012114 0.021184 0.039333 33.009998
41.144669 -0.178506 1.329316 0.001027 0.025724 0.041741 33.230000
41.349689 -0.185877 1.317599 -0.004882 0.009599 0.042182 33.450001
41.550121 -0.190540 1.303927 -0.006456 0.026888 0.040962 33.669998
41.751453 -0.191643 1.289961 -0.003016 0.023269 0.038571 33.889999
41.962620 -0.191567 1.277703 0.014150 0.021541 0.033585 34.119999
42.164814 -0.197485 1.270252 0.024650 0.027175 0.025028 34.340000
42.368153 -0.213757 1.267069 0.022953 0.012535 0.011957 34.560001
42.568314 -0.239769 1.267675 0.018252 0.021516 -0.004567 34.779999
42.767864 -0.272734 1.272033 0.007545 0.026118 -0.023901 35.000000
42.969387 -0.307952 1.280056 -0.001006 0.030379 -0.043984 35.220001
43.173553 -0.341597 1.290377 -0.005639 0.015255 -0.063246 35.439999
43.375790 -0.371573 1.302416 -0.006568 0.020874 -0.080774 35.660000
43.577343 -0.397828 1.315541 -0.004991 0.015997 -0.095822 35.880001
43.776516 -0.421604 1.329035 0.005900 0.015023 -0.109289 36.099998
43.981403 -0.448923 1.343614 0.016050 0.026385 -0.123430 36.330002
44.186310 -0.483895 1.358673 0.016571 0.015641 -0.139050 36.560001
44.388069 -0.526430 1.373638 0.013564 0.023937 -0.155869 36.790001
44.589428 -0.575227 1.388982 0.008894 0.020662 -0.174455 37.020000
44.789803 -0.627705 1.404086 0.004014 0.016061 -0.192438 37.250000
44.987614 -0.680666 1.417830 -0.007599 0.025705 -0.206447 37.480000
45.188225 -0.729872 1.429173 -0.016674 0.033845 -0.214094 37.709999
45.385883 -0.770269 1.437347 -0.016885 0.018884 -0.214318 37.930000
45.584888 -0.803233 1.442933 -0.013603 0.025078 -0.209349 38.150002
45.786285 -0.830778 1.446608 -0.010080 0.025948 -0.199933 38.369999
45.989704 -0.854303 1.449968 -0.013778 0.019096 -0.186413 38.590000
46.193211 -0.872167 1.454894 -0.016648 0.027130 -0.168706 38.810001
46.399757 -0.883690 1.462103 -0.015382 0.029105 -0.147004 39.029999
46.600658 -0.889446 1.471381 -0.011942 0.030828 -0.123744 39.240002
46.804077 -0.891450 1.482060 -0.005638 -0.010289 -0.098910 39.450001
47.008202 -0.890420 1.492735 0.003096 -0.092311 -0.072461 39.680000
47.209839 -0.886539 1.502240 0.007014 -0.111590 -0.037325 40.029999
47.315830 -0.978809 1.355524 0.054662 0.102514 -0.022407 40.889999
47.445400 -1.094505 1.252309 0.045258 0.086092 -0.053702 41.200001
47.601028 -1.216021 1.201197 0.031091 0.056785 -0.088762 41.450001
47.766869 -1.341832 1.186349 0.018382 0.033729 -0.125664 41.680000
47.932842 -1.466894 1.198173 0.004860 0.025945 -0.163552 41.900002
48.094944 -1.584138 1.222260 -0.017097 0.030894 -0.201008 42.110001
48.263481 -1.691693 1.249379 -0.026651 0.038607 -0.238630 42.320000
48.441811 -1.787218 1.273214 -0.025849 0.037902 -0.274411 42.529999
