21.648001 0.000000 0.000000 0.100000
51.200001 0.000000 0.000000 0.500000
84.223999 0.000000 0.000000 0.510000
86.440002 0.000000 0.000000 1.100000
86.552002 0.000000 0.000000 1.500000
86.664001 0.000000 0.000000 1.510000
86.704002 0.000000 0.000000 2.100000
86.776001 0.000000 0.000000 2.500000
86.839996 0.000000 0.000000 2.510000
86.863998 0.000000 0.000000 3.100000
86.896004 0.000000 0.000000 3.500000
86.944000 0.000000 0.000000 3.510000
86.959999 0.000000 0.000000 4.100000
86.991997 0.000000 0.000000 4.500000
87.015999 0.000000 0.000000 4.510000
87.031998 0.000000 0.000000 5.100000
109.519997 0.000000 0.000000 5.500000
109.519997 0.000000 0.000000 5.510000
109.536003 0.000000 0.000000 6.100000
141.352005 0.000000 0.000000 6.500000
141.352005 0.000000 0.000000 6.510000
141.352005 0.000000 0.000000 7.100000
166.207993 0.000000 0.000000 7.500000
191.255997 0.000000 0.000000 7.510000
191.255997 0.000000 0.000000 8.100000
206.216003 0.000000 0.000000 8.500000
218.119995 0.000000 0.000000 8.510000
228.591995 0.202673 0.000000 9.100000
231.559998 0.612384 0.000000 9.500000
237.535995 0.612384 0.000000 9.520000
246.983994 1.234398 0.000000 10.100000
256.183990 1.650114 0.000000 10.500000
259.847992 1.650114 0.000000 10.510000
268.783997 2.055099 0.000000 11.100000
276.575989 2.055099 0.000000 11.500000
278.183990 2.055099 0.000000 11.510000
280.544006 2.463963 0.000000 12.100000
286.783997 2.873271 0.000000 12.500000
289.063995 2.873271 0.000000 12.510000
291.015991 3.489795 0.000000 13.100000
295.791992 3.895786 0.000000 13.500000
298.880005 3.895786 0.000000 13.510000
302.239990 4.304077 0.000000 14.100000
306.328003 4.508973 86.969360 14.500000
308.895996 4.508973 86.969360 14.510000
313.832001 4.711547 86.969360 15.100000
317.376007 4.914882 86.969360 15.500000
319.287994 4.914882 86.969360 15.510000
323.552002 5.324931 86.969360 16.100000
326.752014 5.730290 86.969360 16.500000
328.928009 5.730290 86.969360 16.520000
332.351990 6.342004 86.969360 17.100000
335.880005 6.757117 86.969360 17.500000
339.175995 6.757117 86.969360 17.510000
342.712006 7.368610 86.969360 18.100000
345.368011 7.569248 86.969360 18.500000
349.895996 7.773126 86.969360 18.510000
353.144012 8.179247 86.969360 19.100000
356.071991 8.589232 86.969360 19.500000
360.023987 8.589232 86.969360 19.520000
363.847992 9.196685 86.969360 20.100000
366.079987 9.605222 86.969360 20.500000
369.559998 9.605222 86.969360 20.520000
374.480011 10.225274 86.969360 21.100000
376.536011 10.632366 86.969360 21.500000
379.760010 10.632366 86.969360 21.520000
384.471985 11.252024 86.969360 22.100000
386.648010 11.456940 86.969360 22.500000
389.648010 11.662836 86.969360 22.520000
395.911987 12.071996 88.126022 23.100000
398.264008 12.071996 88.126022 23.500000
400.791992 12.071996 88.126022 23.520000
