0
0
0
0
0
0
0
0
0
0
0
0
0
0
0
0
0
92
106
110
112
116
119
122
126
129
192
197
201
203
207
210
214
217
219
243
244
246
247
251
254
258
262
265
268
309
315
251
254
255
256
258
259
261
262
276
299
300
302
303
304
306
308
309
313
326
368
374
376
377
380
381
382
384
400
488
488
489
491
493
496
498
500
501
504
520
540
541
543
549
550
551
553
554
555
574
645
647
649
650
651
653
653
655
656
657
673
718
720
721
722
724
725
726
728
729
753
754
757
759
759
762
763
765
767
768
784
885
887
892
895
896
898
899
900
918
981
986
987
989
990
991
993
994
996
1013
1041
849
856
859
862
864
866
875
876
894
924
925
927
928
929
931
932
933
936
952
1032
1034
1037
1039
1040
1042
1043
1044
1046
1065
1102
1105
1106
1107
1110
1111
1112
1114
1133
1162
1168
1169
1171
1172
1174
1175
1176
1179
1197
1221
1227
1229
1233
1235
1236
1237
1240
1241
1258
1363
1364
1366
1371
1373
1374
1375
1378
1380
1398
1458
1464
1465
1468
1470
1472
1473
1475
1476
1477
1564
1565
1566
1568
1569
1570
1572
1573
1575
1577
1594
1621
1629
1631
1632
1633
1635
1636
1638
1639
1657
1663
1440
1441
1443
1445
1446
1448
1449
1450
1468
1493
1494
1496
1497
1498
1500
1502
1503
1505
1506
1527
1528
1529
1531
1533
1540
1542
1543
1544
1567
1568
1570
1571
1572
1574
1576
1578
1580
1596
1630
1631
1632
1634
1635
1636
1639
1640
1658
1688
1689
1690
1692
1693
1694
1696
1697
1698
1700
1780
1782
1786
1789
1790
1796
1797
1798
1800
1801
1819
1894
1895
1897
1898
1899
1902
1903
1904
1906
1924
1981
1983
1984
1986
1988
1994
1996
1999
2001
2002
2020
2067
2068
2070
2071
2072
2074
2075
2077
2093
2116
2118
1873
1875
1876
1878
1879
1880
1882
1961
1962
1964
1965
1966
1969
1971
1972
1974
1990
2047
2049
2050
2052
2053
2054
2056
2057
2061
2063
2081
2159
2160
2161
2163
2165
2166
2168
2183
2185
2186
2205
2304
2305
2306
2307
2309
2311
2315
2316
2317
2318
2335
2396
2397
2399
2400
2401
2405
2406
2407
2410
2438
2439
2441
2442
2445
2446
2449
2452
2453
2475
2527
2527
2529
2529
2532
2533
2534
2536
2537
2538
2598
2599
2600
2601
2602
2604
2605
2607
2609
2610
2695
2696
2704
2706
2707
2708
2710
2711
2712
2730
2735
2453
2455
2456
2457
2459
2460
2461
2479
2536
2538
2539
2540
2542
2543
2544
2546
2547
2562
2587
2589
2590
2591
2593
2594
2595
2597
2617
2618
2618
2620
2621
2622
2624
2625
2627
2630
2630
2630
2632
2633
2651
2652
2654
2654
2656
2658
2659
2660
2662
2663
2664
2685
2685
2686
2687
2688
2690
2691
2692
2694
2695
2713
2713
2714
2716
2717
2718
2720
2721
2722
2724
2725
2737
2763
2764
2765
2767
2768
2770
2788
2808
2809
2810
2812
2813
2813
2815
2816
2817
2819
2820
2860
2861
2862
2864
2864
2865
2866
2867
2868
2648
2666
2708
2709
2710
2711
2713
2714
2715
2716
2716
2717
2737
2737
2739
2740
2741
2743
2743
2744
2746
2748
2750
2768
2794
2796
2797
2798
2800
2801
2802
2804
2805
2821
2822
2823
2825
2826
2827
2829
2829
2830
2832
2847
2847
2848
2849
2850
2850
2851
2853
2854
2871
2907
2908
2909
2910
2910
2911
2912
2913
2914
2931
2983
2984
2986
2986
2986
2987
2988
2990
2991
3009
3050
3051
3052
3054
3055
3057
3058
3059
3061
3062
3080
3122
3123
3125
3132
3133
3135
3136
3137
3140
3157
3222
3223
3225
3226
3227
3229
2969
2969
2971
2980
3013
3015
3019
3024
3043
3071
3072
3073
3073
3074
3075
3076
3077
3078
3096
3127
3128
3129
3130
3131
3132
3133
3134
3136
3137
3156
3169
3169
3171
3172
3174
3175
3176
3178
3179
3180
3196
3202
3203
3204
3205
3206
3207
3209
3210
3212
3228
3296
3299
3301
3302
3303
3305
3306
3307
3348
3349
3351
3353
3355
3359
3361
3365
3366
3367
3389
3435
3437
3438
3440
3441
3442
3444
3445
3463
3507
3508
3509
3511
3512
3513
3515
3516
3517
3534
3566
3568
3569
3570
3572
3573
3574
3576
3577
3578
3594
3329
3334
3336
3337
3338
3340
3341
3343
3344
3361
3381
3382
3383
3385
3386
3387
3388
3390
3391
3438
3438
3438
3438
3438
3438
3438
3439
3441
3457
3458
3459
3461
3462
3463
3464
3465
3466
3467
3484
3484
3485
3487
3488
3489
3491
3491
3492
3510
3585
3586
3587
3589
3590
3591
3593
3594
3595
3597
3598
3614
3615
3616
3618
3619
3620
3622
3623
3623
3624
3638
3657
3658
3660
3661
3662
3663
3664
3666
3667
3684
3717
3719
3720
3722
3722
3722
3723
3724
3725
3738
3738
3741
3743
3744
3745
3747
3763
3782
3784
3785
3526
3528
3529
3530
3532
3533
3548
3587
3589
3591
3593
3594
7276
7276
7277
7279
7280
7282
7283
7285
7286
7288
7290
7292
7294
7296
7297
7298
7301
7302
7303
7305
7306
7307
7309
7309
7311
7311
7312
7314
7316
7317
7320
7324
7325
7333
7344
7346
7348
7349
7351
7367
7392
7396
7397
7399
7400
7401
7403
7404
7406
7442
7444
7446
7447
7448
7450
7450
7451
7453
7472
7495
7497
7499
7500
7501
7503
7504
7505
7522
7550
7552
7554
7556
7557
7558
7560
7561
7599
7600
7601
7602
7604
7605
7607
7608
7609
7625
7642
7320
7321
7323
7326
7327
7329
7330
7332
7363
7364
7366
7367
7368
7370
7371
7372
7374
7384
7392
7395
7396
7402
7417
7417
7418
7419
7420
7420
7420
7420
7420
7421
7461
7461
7462
7464
7465
7466
7468
7469
7471
7473
7490
7490
7492
7493
7494
7497
7498
7498
7499
7499
7512
7513
7514
7515
7515
7516
7516
7516
7532
7532
7533
7535
7536
7537
7539
7540
7541
7543
7559
7560
7560
7561
7562
7564
7565
7566
7568
7569
7612
7612
7613
7613
7614
7615
7615
7616
7617
7619
7636
7637
7638
7640
7641
7643
7644
7646
7647
7648
7385
7396
7398
7399
7400
7402
7403
7404
7406
7407
7422
7457
7458
7459
7459
7461
7462
7464
7465
7466
7468
7485
7486
7486
7487
7489
7490
7491
7493
7494
7495
7512
7512
7514
7515
7516
7518
7519
7520
7522
7523
7547
7548
7550
7551
7552
7554
7555
7556
7558
7559
7577
7578
7579
7581
7582
7583
7585
7586
7587
7589
7590
7607
7608
7609
7610
7612
7613
7614
7616
7617
7634
7656
7657
7659
7660
7661
7663
7664
7665
7667
7683
7685
7686
7687
7689
7690
7691
7693
7694
7711
7764
7765
7767
7768
7769
7771
7772
7773
7791
7515
7516
7518
7519
7521
7522
7523
7525
7542
7565
7567
7568
7570
7571
7572
7574
7575
7576
7578
7597
7619
7620
7621
7623
7624
7625
7627
7628
7629
7648
7670
7671
7673
7674
7675
7677
7678
7678
7680
7698
7698
7699
7700
7701
7701
7703
7704
7705
7706
7723
7723
7724
7726
7727
7728
7730
7731
7732
7748
7770
7771
7772
7773
7775
7776
7777
7797
7797
7798
7800
7801
7803
7804
7805
7807
7808
7825
7851
7852
7854
7855
7856
7858
7859
7860
7879
7898
7900
7901
7903
7904
7906
7908
7909
7910
7927
7928
7930
7931
7932
7671
7673
7674
7676
7678
7695
7698
7700
7702
7703
7704
7706
7707
7723
7724
7724
7726
7727
7728
7730
7731
7733
7734
7752
7771
7772
7773
7775
7776
7778
7781
7782
7783
7822
7823
7825
7827
7828
7830
7832
7833
7835
7858
7865
7867
7868
7872
7873
7875
7876
7878
7880
7901
7950
7951
7953
7954
7955
7957
7958
7959
7961
7973
7998
8000
8002
8003
8005
8007
8020
8024
8025
8027
8028
8030
8031
8032
8037
8037
8054
8055
8055
8055
8055
8056
8057
8057
8057
8058
8068
8074
8075
8076
8078
8079
8095
8095
8096
8097
8098
7848
7849
7849
7849
7868
7868
7868
7869
7871
7872
7872
7874
7875
7876
7894
7919
7920
7922
7923
7923
7923
7924
7924
7925
7940
7942
7942
7943
7943
7943
7943
7944
7960
7960
7961
7963
7964
7965
7967
7968
7968
7968
7983
7983
10913
10913
10914
10915
10917
10918
10919
10921
10922
10923
10925
10926
10927
10929
10930
10932
10933
10935
10936
10937
10939
10940
10941
10943
10944
10945
10946
10946
10946
10947
10948
10950
10951
10952
10954
10955
10956
10958
10959
10960
10962
10963
10980
10981
10982
10983
10984
10985
10986
10988
10989
10990
11006
11006
11008
11010
10661
10662
10664
10665
10666
10707
10708
10710
10711
10712
10713
10714
10714
10716
10717
10718
10736
10740
10742
10743
10744
10746
10746
10747
10748
10749
10750
10844
10845
10846
10848
10849
10850
10852
10853
10854
10856
10867
10868
10869
10870
10872
10873
10894
10894
10896
10896
10897
10897
10898
10900
10901
10903
10903
10904
10906
10907
10909
10910
10912
10913
10914
10916
10917
10919
10920
10922
10923
10924
10926
10927
10928
10930
10931
10932
10934
10935
10936
10937
10938
10940
10941
10941
10943
10944
10945
10947
10948
10949
10950
10951
10951
10951
10952
10952
10952
10952
10952
10954
10955
10676
10677
10679
10680
10681
10682
10683
10684
10685
10686
10687
10689
10690
10690
10690
10690
10691
10692
10693
10694
10696
10697
10697
10699
10700
10701
10702
10703
10704
10705
10707
10708
10709
10711
10711
10712
10714
10714
10715
10717
10718
10719
10720
10722
10723
10725
10726
10727
10728
10729
10731
10732
10733
10735
10736
10737
10739
10740
10741
10743
10744
10745
10747
10747
10748
10750
10751
10752
10754
10755
10756
10757
10758
10760
10761
10761
10763
10764
10764
10766
10767
10768
10770
10770
10772
10773
10775
10775
10776
10778
10779
10780
10781
10782
10783
10785
10786
10787
10789
10790
10598
10599
10601
10602
10603
10605
10606
10607
10609
10610
10612
10613
10614
10616
10617
10618
10620
10621
10622
10624
10625
10626
10628
10629
10630
10631
10633
10634
10635
10637
10638
10639
10640
10641
10642
10644
10645
10646
10648
10649
10650
10652
10653
10654
10656
10657
10659
10660
10661
10663
10664
10664
10666
10667
10668
10670
10672
10673
10675
10676
10677
10679
10680
10681
10683
10684
10685
10687
10688
10690
10691
10692
10694
10695
10696
10698
10699
10700
10702
10702
10703
10705
10705
10705
10706
10707
10708
10710
10711
10712
10714
10715
10716
10718
10719
10719
10719
10720
10722
10723
10546
10546
10547
10549
10550
10551
10553
10554
10555
10555
10555
10556
10558
10559
10560
10562
10563
10565
10566
10567
10569
10569
10569
10569
10569
10569
10569
10569
10569
10569
10569
10569
10569
10569
10569
10569
10569
10569
10569
10569
10569
10569
10569
10569
10569
10569
10569
10569
10569
10569
10569
10569
10569
10569
10569
10569
10569
10569
10569
10569
10569
10569
10569
10569
10569
10569
10569
10569
10569
10569
10569
