52.056000 0.000000 0.000000 0.010000
84.952003 0.000000 0.000000 0.020000
106.071999 0.409207 0.000000 0.610000
137.951996 0.822559 0.000000 1.010000
137.983994 0.822559 0.000000 1.020000
138.056000 1.452535 0.000000 1.610000
162.919998 1.865757 0.000000 2.010000
188.119995 1.865757 0.000000 2.020000
188.160004 2.070260 0.000000 2.610000
203.128006 2.274943 0.000000 3.010000
215.031998 2.274943 0.000000 3.020000
226.416000 2.894340 0.000000 3.610000
229.399994 3.510367 0.000000 4.010000
235.440002 3.510367 0.000000 4.030000
245.160004 3.917345 0.000000 4.610000
254.408005 4.322580 0.000000 5.010000
258.088013 4.322580 0.000000 5.020000
267.687988 4.726046 100.181778 5.610000
275.503998 4.726046 100.181778 6.010000
277.112000 4.726046 100.181778 6.020000
279.808014 4.929548 100.181778 6.610000
286.063995 5.136443 100.181778 7.010000
288.343994 5.136443 100.181778 7.020000
290.384003 5.745637 100.181778 7.610000
295.167999 6.158379 100.181778 8.010000
298.256012 6.158379 100.181778 8.020000
301.664001 6.770737 100.181778 8.610000
305.752014 7.179342 100.181778 9.010000
308.328003 7.179342 100.181778 9.020000
313.343994 7.790047 100.181778 9.610000
316.888000 7.998505 100.181778 10.010000
318.808014 7.998505 100.181778 10.020000
323.135986 8.611959 100.181778 10.610000
326.335999 9.017647 100.181778 11.010000
328.519989 9.017647 100.181778 11.020000
331.976013 9.625020 100.181778 11.610000
335.503998 10.034591 100.181778 12.010000
338.808014 10.034591 100.181778 12.020000
342.351990 10.645522 100.181778 12.610000
345.007996 10.852534 100.181778 13.010000
349.536011 10.852534 100.181778 13.020000
352.783997 11.472658 100.181778 13.610000
355.712006 11.874255 100.181778 14.010000
359.664001 11.874255 100.181778 14.030000
363.488007 12.475994 100.181778 14.610000
365.720001 12.876448 100.181778 15.010000
369.200012 12.876448 100.181778 15.030000
374.160004 13.478905 50.064804 15.610000
376.216003 13.478905 50.064804 16.010000
379.440002 13.478905 50.064804 16.030001
384.160004 13.681081 50.064804 16.610001
386.335999 14.086978 50.064804 17.010000
389.335999 14.086978 50.064804 17.030001
395.600006 14.698385 50.064804 17.610001
397.951996 15.110044 50.064804 18.010000
400.480011 15.110044 50.064804 18.030001
