0
0
0
0
0
0
0
0
0
0
0
0
0
0
15
150
154
157
246
246
248
249
253
255
258
262
265
268
272
275
278
282
285
289
291
295
298
301
305
307
310
330
378
380
383
338
339
340
341
342
343
359
386
386
387
389
390
391
396
399
401
459
460
462
463
465
466
467
468
469
521
522
523
525
525
527
529
530
531
548
602
604
605
606
608
609
610
612
613
629
653
653
653
654
655
655
656
657
659
684
686
688
690
692
693
698
699
717
758
762
763
764
764
765
766
767
784
812
813
817
818
819
828
829
831
832
852
911
915
915
915
919
920
924
926
927
943
1015
1018
1020
1022
1024
1026
1028
1030
864
920
921
923
926
930
938
941
944
957
1009
1012
1016
1017
1021
1041
1043
1044
1061
1097
1099
1101
1108
1120
1124
1126
1128
1131
1148
1149
1149
1149
1149
1149
1149
1151
1152
1172
1221
1223
1226
1227
1228
1230
1232
1233
1235
1237
1238
1320
1321
1321
1327
1329
1331
1333
1334
1335
1340
1341
1358
1451
1453
1454
1456
1456
1456
1458
1459
1460
1462
1515
1517
1519
1520
1522
1523
1524
1526
1527
1528
1530
1547
1627
1629
1630
1632
1635
1644
1645
1647
1647
1664
1732
1732
1733
1734
1735
1736
1737
1416
1432
1457
1457
1459
1459
1461
1461
1462
1479
1509
1510
1511
1512
1516
1517
1519
1520
1521
1538
1596
1598
1600
1601
1602
1605
1607
1608
1616
1637
1713
1714
1715
1716
1716
1716
1718
1720
1722
1738
1770
1773
1774
1776
1778
1779
1780
1781
1797
1822
1823
1825
1826
1826
1828
1829
1831
1832
1849
1876
1877
1879
1880
1882
1884
1885
1888
1889
1912
1960
1962
1963
1964
1965
1966
1967
1968
1969
1989
1990
2000
2001
2003
2005
2007
2009
2010
2029
2066
2068
2069
2071
2075
2085
2086
2089
2090
2156
2159
2160
1849
1851
1852
1854
1856
1858
1890
1890
1893
1894
1894
1894
1895
1897
1899
1899
1900
1914
1967
1970
1973
1976
1976
1976
1978
1980
1995
1997
1998
1998
1999
2000
2002
2005
2006
2089
2090
2092
2093
2093
2095
2095
2095
2096
2203
2205
2218
2219
2220
2220
2221
2221
2240
2289
2290
2291
2293
2296
2304
2312
2313
2315
2317
2333
2416
2418
2419
2419
2420
2421
2422
2425
2443
2529
2530
2531
2533
2534
2535
2537
2538
2539
2555
2556
2557
2559
2561
2563
2564
2570
2591
2686
2687
2689
2690
2690
2690
2692
2693
2694
2343
2407
2408
2409
2410
2411
2412
2414
2416
2417
2431
2461
2461
2463
2464
2465
2468
2470
2487
2502
2505
2506
2507
2508
2509
2510
2511
2529
2547
2549
2550
2551
2552
2552
2553
2553
2555
2594
2595
2597
2597
2599
2607
2614
2615
2617
2618
2686
2686
2686
2686
2687
2689
2690
2691
2692
2710
2734
2736
2737
2738
2741
2741
2742
2746
2753
2768
2803
2804
2806
2807
2809
2811
2812
2824
2863
2867
2869
2874
2875
2877
2881
2883
3000
3001
3003
3004
3005
3005
3006
3008
3009
3025
3043
3044
3044
3044
3045
3045
3046
2711
2776
2776
2776
2777
2778
2778
2779
2781
2782
2797
2810
2810
2815
2817
2819
2820
2821
2822
2840
2880
2880
2881
2885
2886
2887
2888
2889
2890
2899
2905
2909
2910
2926
2964
2965
2965
2965
2966
2966
2967
2968
2968
2983
2983
2983
2984
2985
2986
2988
2989
2990
3006
3007
3008
3009
3009
3009
3009
3009
3009
3026
3026
3026
3026
3026
3028
3028
3029
3030
3030
3046
3047
3047
3047
3048
3049
3049
3049
3049
3064
3085
3087
3089
3090
3091
3091
3091
3092
3107
3129
3130
3132
3133
3134
3136
3141
3142
3172
3173
2886
2887
2890
2891
2892
2894
2951
2951
2954
2955
2957
2958
2968
2974
2990
3039
3044
3044
3045
3047
3047
3048
3049
3133
3134
3135
3136
3136
3138
3139
3140
3141
3176
3176
3177
3178
3179
3180
3181
3182
3184
3202
3246
3248
3249
3251
3253
3254
3255
3257
3257
3270
3278
3279
3281
3281
3282
3284
3285
3287
3288
3289
3309
3339
3340
3342
3343
3345
3346
3348
3348
3350
3351
3370
3371
3373
3374
3375
3375
3376
3377
3379
3380
3396
3397
3398
3399
3401
3402
3403
3404
3418
3418
3419
3419
3420
3422
3423
3423
3442
3145
3189
3190
3190
3190
3190
3191
3191
3191
3207
3301
3301
3301
3302
3303
3305
3306
3306
3308
3372
3373
3373
3373
3374
3375
3375
3376
3377
3378
3396
3396
3398
3399
3400
3400
3400
3400
3401
3418
3418
3420
3421
3422
3424
3425
3426
3428
3445
3446
3447
3447
3449
3450
3451
3453
3454
3454
3471
3471
3471
3472
3474
3474
3474
3476
3477
3477
3532
3533
3534
3535
3536
3537
3539
3540
3556
3557
3558
3559
3561
3562
3563
3564
3565
3580
3581
3582
3583
3585
3586
3587
3589
3590
3607
3608
3608
3609
3610
3612
3612
3307
3308
3310
3323
3323
3326
3328
3329
3330
3332
3348
3348
3349
3349
3351
3352
3352
3353
3354
3364
3365
3366
3367
3368
3368
3369
3386
3386
3387
3388
3389
3389
3390
3392
3392
3393
3407
3407
3407
3408
3409
3410
3410
3410
3410
3425
3425
3426
3427
3429
3430
3431
3432
3432
3448
3448
3448
3448
3448
3449
3449
3449
3449
3450
3467
3467
3468
3468
3469
3469
3470
3470
3471
3490
3490
3491
3492
3493
3495
3496
3497
3498
3499
3501
3518
3519
3520
3521
3523
3524
3525
3527
3528
3545
3551
3552
3553
3555
3556
3557
3281
3282
3283
3337
3338
3339
3341
3343
3345
3346
3347
3363
3388
3389
3391
3392
3394
3395
3396
3398
3399
3417
3441
3443
3444
3449
3450
3451
3451
3452
3454
3473
3473
3475
3477
3480
3481
3482
3486
3487
3488
3490
3534
3535
3538
3539
3541
3542
3543
3545
3562
3625
3626
3626
3626
3627
3627
3627
3627
3629
3629
3645
3646
3647
3648
3650
3651
3652
3655
3656
3673
3674
3675
3677
3679
3687
3688
3689
3691
3693
3693
3758
3759
3760
3762
3763
3764
3766
3767
3768
3784
3785
3786
3788
3790
3791
3793
3796
3796
3796
3537
3565
3567
3568
3571
3572
3574
3575
3576
3632
3633
3633
3635
3636
3637
3638
3639
3640
3682
3683
3685
3686
3687
3689
3690
3691
3713
3714
3716
3717
3718
3719
3720
3721
3723
3739
3739
3741
3742
3743
3745
3745
3745
3747
3748
3765
3766
3767
3768
3770
3771
3771
3772
3773
3792
3792
3793
3794
3795
3796
3797
3797
3797
3797
3814
3814
3814
3815
3816
3816
3816
3816
3817
3818
3854
3855
3856
3856
3857
3858
3859
3860
3861
3862
3878
3879
3880
3881
3882
3884
3885
3886
3888
3905
3905
3907
3908
3910
3911
3912
3663
3664
3666
3667
3718
3719
3719
3720
3722
3723
3724
3725
3740
3741
3742
3743
3745
3746
3747
3748
3749
3765
3774
3775
3776
3778
3778
3779
3780
3781
3799
3800
3801
3803
3804
3805
3806
3807
3809
3810
3811
3828
3828
3828
3829
3830
3831
3832
3833
3834
3847
3847
3848
3849
3850
3852
3853
3854
3870
3870
3872
3873
3874
3876
3876
3878
3878
3895
3945
3946
3947
3948
3949
3950
3950
3951
3952
3971
3972
3973
3974
3975
3976
3976
3977
3978
3979
3979
3995
3996
3996
3997
3998
4000
4001
4001
4001
4002
4014
4015
3721
3722
3724
3725
3726
3728
3729
3747
3748
3749
3750
3751
3753
3754
3755
3757
3758
3759
3774
3775
3777
3777
3779
3780
3781
3783
3784
3801
3802
3803
3804
3805
3806
3807
3807
3807
3807
3823
3823
3824
3826
3827
3828
3828
3829
3829
3830
3840
3841
3842
3843
3844
3845
3861
3861
3861
3862
3862
3862
3863
3863
3864
3879
3879
3881
3883
3884
3885
3887
3887
3887
3887
3903
3903
3904
3905
3906
3908
3908
3909
3910
3925
3925
3927
3927
3927
3928
3928
3928
3929
3930
3948
3948
3949
3950
3952
3952
3953
3954
3955
3696
3713
3713
3714
3715
3717
3718
3718
3720
3721
3736
3737
3737
3737
3739
3740
3742
3743
3762
3762
3763
3763
3764
3765
3766
3767
3768
3770
3771
3788
3788
3789
3790
3791
3792
3793
3794
3795
3795
3814
3815
3816
3818
3819
3819
3821
3822
3823
3824
3839
3840
3841
3842
3843
3845
3846
3848
3849
3850
3866
3866
3867
3869
3869
3869
3871
3872
3887
3906
3907
3908
3909
3910
3911
3913
3914
3916
3917
3917
3917
3918
3920
3921
3922
3924
3925
3926
3928
3929
3930
3932
3934
3935
3936
3938
3939
3940
3942
3943
3945
3710
3711
3713
3714
3715
3717
3718
3719
3721
3722
3723
3725
3726
3727
3729
3732
3735
3737
3738
3740
3741
3742
3744
3745
3746
3748
3749
3750
3752
3753
3754
3756
3757
3759
3761
3762
3763
3765
3766
3767
3769
3770
3771
3773
3774
3775
3777
3778
3780
3781
3782
3784
3785
3787
3788
3790
3791
3792
3793
3794
3795
3797
3797
3797
3799
3800
3801
3803
3804
3805
3807
3807
3808
3810
3811
3812
3813
3814
3815
3817
3817
3819
3820
3821
3822
3822
3823
3825
3826
3827
3828
3829
3830
3832
3832
3833
3837
3839
3840
3842
3658
3659
3661
3662
3664
3665
3666
3668
3669
3670
3672
3673
3674
3676
3677
3678
3680
3681
3682
3682
3683
3684
3686
3687
3688
3689
3690
3692
3693
3694
3696
3697
3699
3700
3701
3703
3705
3706
3707
3709
3710
3711
3713
3715
3716
3717
3719
3720
3722
3723
3724
3726
3727
3729
3730
3731
3733
3735
3736
3737
3738
3739
3740
3742
3743
3744
3746
3747
3748
3750
3751
3752
3753
3754
3755
3755
3755
3756
3757
3758
3759
3759
3760
3762
3763
3764
3766
3767
3768
3770
3771
3772
3773
3774
3775
3777
3778
3780
3781
3782
3638
3643
3648
3651
3652
3654
3655
3656
3660
3661
3662
3664
3665
3667
3668
3669
3671
3672
3673
3675
3676
3677
3679
3680
3687
3688
3690
3691
3693
3695
3696
3698
3699
3700
3702
3703
3704
3706
3707
3708
3710
3711
3712
3714
3715
3717
3718
3720
3721
3722
3724
3725
3727
3728
3728
3730
3731
3733
3734
3735
3737
3738
3739
3741
3742
3743
3745
3746
3747
3748
3750
3751
3752
3754
3755
3756
3758
3759
3761
3762
3763
3765
3766
3768
3769
3769
3769
3770
3771
3771
3772
3773
3774
3776
3777
3779
3780
3782
3783
3784
3656
3657
3658
3660
3661
3662
3664
3665
3666
3668
3669
3670
3672
3673
3674
3676
3677
3678
3680
3681
3682
3684
3685
3686
3687
3688
3688
3689
3689
3690
3692
3693
3694
3694
3694
3694
3694
3694
3694
3694
3694
3694
3694
3694
3694
3694
3694
3694
3694
3694
3694
3694
3694
