0
0
0
0
0
0
0
0
0
0
0
0
0
0
0
0
75
82
86
90
94
97
100
103
106
152
158
161
164
169
172
175
178
181
184
199
200
204
207
210
213
215
218
222
287
288
292
295
299
302
306
309
327
328
331
334
338
341
345
351
353
356
430
435
439
441
443
446
449
451
454
458
524
526
533
536
540
547
551
555
605
612
615
620
624
629
632
637
642
646
650
753
759
763
766
770
772
784
788
795
799
894
898
903
907
917
922
932
936
941
946
1045
1046
1049
1052
1057
1063
1079
1087
1092
1095
1099
1101
1162
1164
1167
1170
1173
1237
1239
1241
1243
1246
1248
1250
1252
1289
1290
1294
1296
1299
1303
1305
1308
1311
1314
1318
1360
1363
1366
1371
1373
1381
1382
1386
1389
1392
1396
1398
1401
1434
1435
1438
1441
1443
1446
1450
1453
1455
1540
1542
1545
1549
1551
1553
1555
1558
1560
1563
1606
1607
1609
1611
1613
1616
1619
1623
1626
1629
1673
1674
1676
1679
1683
1686
1689
1692
1695
1698
1744
1744
1748
1751
1754
1757
1760
1763
1767
1787
1788
1791
1794
1797
1802
1807
1817
1822
1831
1834
1837
1952
1958
1963
1967
1971
1973
1976
1979
1981
1982
2019
2019
2023
2026
2029
2033
2036
2066
2066
2068
2070
2074
2078
2082
2085
2089
2093
2137
2138
2141
2145
2148
2149
2153
2156
2159
2162
2203
2203
2207
2211
2214
2217
2221
2224
2226
2230
2272
2273
2275
2279
2282
2285
2289
2292
2294
2317
2319
2321
2325
2328
2330
2334
2338
2341
2345
2397
2402
2407
2412
2420
2425
2431
2437
2441
2529
2533
2536
2538
2542
2545
2547
2550
2553
2557
2691
2692
2696
2699
2702
2706
2708
2711
2714
2717
2789
2791
2793
2796
2800
2803
2806
2809
2812
2815
2858
2858
2862
2865
2869
2871
2874
2877
2879
2923
2925
2928
2932
2935
2936
2940
2943
3017
3018
3021
3025
3028
3030
3034
3037
3040
3043
3070
3071
3074
3077
3080
3084
3087
3089
3092
3124
3126
3129
3132
3134
3137
3140
3143
3145
3149
3166
3167
3170
3173
3192
3192
3196
3199
3203
3206
3208
3212
3215
3218
3222
3238
3240
3242
3246
3249
3252
3256
3258
3261
3264
3278
3279
3282
3286
3289
3292
3294
3297
3314
3314
3317
3321
3324
3326
3330
3332
3350
3352
3355
3358
3360
3363
3367
3370
3373
3377
3379
3397
3399
3402
3405
3408
3410
3413
3417
3420
3433
3435
3438
3442
3444
3447
3450
3465
3466
3470
3473
3494
3496
3499
3503
3505
3508
3512
3515
3518
3521
3539
3541
3543
3546
3549
3553
3555
3556
3560
3563
3581
3582
3585
3589
3592
3595
3596
3598
3600
3602
3618
3619
3621
3623
3626
3629
3630
3634
3636
3652
3654
3656
3658
3660
3663
3664
3666
3669
3672
3689
3691
3693
3696
3699
3702
3705
3707
3710
3713
3755
3757
3760
3761
3765
3767
3769
3773
3775
3778
3814
3816
3819
3823
3826
3829
3841
3846
3865
3867
3869
3872
3876
3879
3882
3885
3888
3892
3927
3928
3931
3934
3937
3941
3944
3946
3950
3967
3968
3971
3974
3977
3980
3983
3986
4024
4026
4028
4031
4034
4038
4041
4044
4047
4050
4068
4069
4072
4074
4076
4077
4079
4081
4083
4086
4131
4132
4134
4137
4140
4143
4145
4148
4150
4194
4194
4198
4200
4203
4206
4209
4212
4215
4218
4272
4272
4274
4276
4278
4280
4281
4283
4286
4290
4292
4365
4366
4369
4372
4375
4378
4382
4383
4386
4480
4488
4491
4494
4496
4498
4501
4504
4507
4509
4529
4529
4533
4536
4538
4541
4544
4547
4549
4551
4573
4573
4576
4578
4579
4582
4585
4587
4591
4594
4596
4600
4603
4606
4665
4666
4668
4670
4673
4675
4678
4681
4683
4686
4687
4688
4688
4688
4688
4688
4688
4688
4688
4688
4729
4731
4734
4737
4739
4741
4743
4745
4748
4789
4789
4791
4794
4796
4799
4801
4803
4821
4822
4823
4825
4828
4831
4833
4837
4840
4843
4845
4901
4902
4905
4908
4910
4913
4916
4919
4921
4924
4942
4943
4944
4946
4948
4951
4955
4958
4959
4962
4983
4983
4986
4989
4992
4994
4996
4998
4999
5001
5003
5021
5021
5023
5025
5027
5029
5030
5032
5034
5037
5055
5056
5057
5060
5063
5066
5068
5070
5072
5074
5094
5094
5097
5099
5102
5105
5106
5110
5113
5115
5118
5121
5138
5139
5141
5144
5148
5151
5154
5157
5160
5164
5226
5228
5231
5237
5239
5241
5246
5248
5249
5253
5271
5272
5276
5279
5282
5283
5285
5287
5290
5292
5308
5308
5311
5313
5316
5318
5320
5321
5323
5325
5337
5338
5340
5344
5347
5349
5353
5356
5359
5418
5418
5421
5424
5425
5428
5432
5435
5442
5500
5509
5514
5517
5520
5523
5525
5529
5531
5534
5539
5562
5563
5568
5571
5574
5579
5582
5585
5589
5629
5632
5636
5641
5643
5646
5652
5664
5778
5788
5791
5794
5799
5802
5805
5809
5812
5814
5835
5836
5838
5843
5851
5854
5857
5861
5864
5868
5919
5921
5924
5927
5930
5934
5937
5940
5944
5947
5983
5986
5990
5996
5998
6001
6005
6007
6048
6049
6051
6055
6058
6062
6064
6067
6072
6075
6112
6115
6120
6124
6132
6134
6138
6142
6146
6191
6196
6200
6204
6210
6213
6215
6221
6261
6262
6267
6271
6275
6278
6280
6284
6340
6347
6349
6354
6368
6371
6377
6381
6385
6445
6452
6456
6458
6462
6465
6467
6471
6474
6503
6506
6507
6511
6514
6517
6520
6522
6525
6528
6605
6605
6609
6612
6629
6632
6634
6638
6672
6679
6681
6685
6688
6692
6696
6699
6702
6745
6746
6751
6754
6758
6761
6764
6768
6771
6774
6816
6822
6825
6834
6837
6841
6844
6846
6850
6852
6897
6903
6909
6913
6920
6922
6925
6942
6944
6948
7004
7008
7010
7013
7016
7018
7021
7025
7086
7091
7094
7096
7100
7104
7106
7109
7113
7130
7130
7134
7137
7141
7144
7148
7152
7160
7252
7263
7268
7272
7275
7278
7281
7285
7287
7333
7335
7336
7339
7343
7345
7348
7353
7356
7359
7363
7427
7431
7437
7439
7442
7445
7448
7455
7493
7494
7497
7500
7503
7506
7509
7513
7516
7520
7574
7579
7582
7586
7590
7593
7596
7600
7602
7646
7651
7655
7657
7661
7665
7668
7672
7678
7756
7763
7767
7774
7777
7778
7781
7785
7792
7796
7874
7881
7884
7887
7895
7898
7902
7904
7908
8009
8011
8014
8018
8020
8024
8028
8032
8040
8166
8174
8176
8179
8185
8188
8191
8193
8195
8198
8237
8239
8242
8245
8248
8251
8253
8256
8258
8261
8329
8330
8332
8336
8339
8343
8347
8349
8353
8355
8375
8376
8377
8381
8383
8385
8386
8389
8393
8397
8460
8460
8464
8468
8471
8474
8477
8479
8481
8528
8529
8532
8535
8539
8542
8544
8548
8551
8568
8570
8573
8575
8579
8582
8585
8589
8592
8610
8612
8615
8616
8620
8623
8626
8630
8633
8635
8680
8683
8685
8689
8692
8695
8699
8701
8704
8708
8711
8755
8757
8759
8761
8763
8764
8766
8768
8770
8793
8795
8799
8802
8804
8808
8810
8813
8817
8820
8856
8858
8862
8865
8871
8874
8883
8887
8890
8907
8909
8912
8916
8918
8923
8987
8994
8998
9002
9004
9007
9010
9012
9071
9073
9079
9082
9086
9088
9091
9095
9098
9102
9151
9157
9161
9163
9183
9239
9248
9250
9253
9256
9259
9262
9265
9268
9272
9295
9296
9300
9303
9307
9310
9314
9318
9320
9413
9414
9417
9420
9423
9426
9430
9433
9435
9471
9472
9474
9478
9481
9484
9487
9490
9494
9515
9517
9520
9523
9526
9530
9533
9535
9540
9584
9585
9589
9593
9596
9599
9602
9623
9624
9626
9629
9633
9636
9639
9642
9645
9648
9665
9666
9668
9672
9675
9679
9683
9686
9688
9706
9707
9711
9714
9717
9720
9722
9726
9729
9732
9748
9749
9751
9754
9758
9761
9764
9768
9784
9785
9788
9791
9793
9797
9800
9803
9807
9890
9891
9895
9897
9900
9904
9907
9909
9912
9914
9918
9937
9937
9941
9944
9948
9952
9954
9958
9961
10029
10032
10033
10036
10039
10041
10045
10095
10096
10097
10101
10104
10107
10111
10114
10116
10120
10123
10227
10229
10233
10236
10239
10242
10250
10252
10255
10256
10260
10322
10322
10328
10331
10334
10338
10340
10343
10348
10351
10368
10369
10372
10373
10377
10380
10385
10388
10394
10432
10436
10440
10443
10446
10450
10454
10458
10461
10464
10515
10517
10521
10525
10528
10531
10535
10538
10577
10580
10592
10595
10598
10601
10604
10608
10611
10644
10645
10647
10650
10653
10657
10659
10662
10666
10669
10671
10673
10675
10678
10681
10683
10687
10690
10693
10696
10699
10702
10706
10708
10711
10715
10718
10721
10725
10728
10729
10733
10736
10738
10741
10744
10747
10751
10753
10756
10760
10762
10765
10768
10770
10772
10774
10778
10781
10784
10788
10791
10794
10797
10801
10805
10809
10815
10824
10827
10830
10834
10837
10840
10843
10845
10848
10852
10855
10858
10862
10864
10867
10871
10874
10877
10881
10882
10886
10889
10892
10896
10899
10901
10904
10905
10908
10911
10914
10918
10921
10923
10927
10930
10933
10935
10937
10940
10941
10943
10945
10947
10949
10950
10952
10955
10957
10959
10961
10963
10965
10968
10971
10973
10976
10978
10979
10983
10986
10990
10993
10997
11000
11003
11006
11018
11024
11028
11030
11032
11035
11038
11042
11044
11045
11047
11050
11053
11055
11057
11060
11062
11064
11066
11068
11070
11072
11075
11077
11079
11081
11083
11086
11089
11092
11095
11099
11101
11103
11106
11109
11112
11115
11118
11121
11123
11125
11128
11132
11135
11138
11140
11142
11144
11148
11151
11154
11157
11159
11161
11164
11167
11170
11174
11177
11180
11183
11186
11189
11193
11196
11197
11200
11202
11204
11208
11211
11213
11215
11217
11219
11223
11225
11228
11232
11235
11237
11240
11243
11246
11250
11253
11256
11260
11262
11266
11269
11272
11274
11276
11277
11281
11283
11286
11289
11292
11294
11297
11298
11301
11305
11307
11309
11311
11313
11315
11318
11321
11324
11327
11331
11334
11336
11340
11342
11344
11348
11351
11354
11358
11361
11364
11367
11370
11376
11379
11382
11386
11390
11394
11397
11401
11404
11408
11410
11414
11417
11420
11423
11426
11429
11433
11438
11442
11445
11447
11451
11454
11458
11460
11463
11466
11468
11472
11475
11477
11480
11482
11484
11487
11490
11493
11496
11498
11501
11505
11508
11509
11511
11513
11515
11519
11522
11526
11529
11532
11534
11537
11540
11542
11545
11548
11550
11553
11557
11560
11564
11568
11570
11573
11575
11578
11582
11585
11589
11592
11595
11597
11598
11600
11602
11602
11602
11602
11602
11602
11602
11602
11602
11602
11602
11602
11602
11602
11602
11602
11602
11602
11602
11602
11602
11602
11602
11602
11602
11602
11602
11602
11602
11602
11602
11602
11602
11602
11602
11602
11602
11602
11602
11602
11602
11602
11602
