0
0
0
0
0
0
0
0
0
0
0
0
0
0
0
0
0
0
145
146
148
151
155
158
160
164
166
169
171
283
288
291
294
335
336
338
340
343
346
349
351
355
358
449
450
453
457
460
461
465
467
470
535
536
539
543
546
548
552
555
558
562
623
625
628
632
635
637
641
644
647
688
690
694
697
699
701
704
708
711
744
747
749
752
756
759
801
804
807
810
813
816
819
823
826
827
831
866
872
876
878
880
884
886
889
925
929
931
934
936
938
940
943
946
986
989
993
1001
1005
1009
1011
1014
1017
1061
1062
1064
1067
1071
1074
1076
1080
1083
1102
1104
1107
1111
1113
1116
1120
1123
1167
1172
1175
1178
1181
1185
1188
1191
1194
1231
1234
1239
1242
1246
1249
1252
1255
1258
1261
1294
1296
1300
1303
1307
1310
1315
1318
1321
1387
1394
1396
1399
1402
1405
1408
1411
1448
1448
1451
1459
1464
1468
1471
1475
1477
1480
1551
1563
1566
1569
1574
1576
1579
1586
1589
1688
1692
1695
1696
1699
1702
1706
1712
1723
1727
1833
1838
1842
1853
1856
1861
1863
1866
1870
1952
1958
1964
1969
1978
1989
1995
1999
2002
2005
2009
2073
2075
2078
2095
2100
2110
2190
2193
2195
2197
2198
2200
2202
2205
2207
2282
2283
2284
2288
2291
2296
2304
2309
2312
2315
2383
2386
2391
2394
2397
2401
2404
2408
2411
2413
2415
2477
2479
2483
2486
2488
2492
2494
2497
2500
2537
2551
2554
2556
2560
2563
2566
2569
2573
2576
2577
2635
2636
2638
2641
2644
2647
2650
2653
2655
2760
2760
2763
2766
2769
2772
2773
2775
2777
2840
2842
2844
2847
2850
2853
2857
2859
2861
2864
2866
2882
2883
2886
2888
2889
2891
2894
2898
2901
2951
2956
2959
2962
2965
2968
2971
2974
2978
2980
3006
3008
3011
3014
3019
3023
3027
3029
3032
3036
3039
3131
3135
3139
3141
3145
3149
3152
3156
3158
3161
3165
3294
3296
3298
3301
3305
3308
3310
3314
3317
3393
3395
3398
3401
3404
3407
3410
3414
3416
3422
3426
3447
3448
3452
3454
3457
3460
3462
3467
3471
3513
3514
3517
3520
3524
3527
3530
3532
3570
3571
3573
3575
3577
3580
3584
3585
3589
3627
3627
3632
3635
3638
3642
3645
3647
3651
3686
3686
3690
3693
3697
3701
3706
3711
3718
3800
3808
3810
3813
3816
3819
3822
3825
3828
3831
3942
3944
3946
3949
3952
3955
3959
3963
4025
4025
4029
4101
4102
4105
4107
4111
4114
4117
4121
4123
4126
4193
4194
4196
4199
4202
4205
4208
4211
4214
4217
4220
4250
4252
4255
4257
4260
4278
4278
4280
4281
4285
4287
4290
4293
4296
4314
4316
4318
4321
4325
4328
4331
4334
4337
4340
4376
4376
4379
4383
4385
4388
4392
4395
4397
4401
4410
4411
4415
4418
4444
4445
4447
4467
4468
4471
4474
4478
4480
4483
4487
4490
4492
4507
4508
4509
4511
4513
4515
4517
4519
4540
4540
4543
4547
4549
4552
4555
4558
4560
4564
4583
4584
4588
4590
4593
4595
4598
4601
4604
4607
4625
4625
4627
4629
4631
4634
4635
4637
4639
4640
4658
4660
4662
4664
4666
4669
4672
4675
4679
4698
4700
4702
4705
4707
4710
4713
4717
4720
4722
4726
4729
4806
4807
4810
4813
4815
4819
4822
4824
4889
4890
4892
4895
4899
4900
4903
4906
4908
4910
4938
4939
4941
4944
4948
4951
4954
4956
4959
4981
4983
4986
4989
4993
4996
5000
5003
5004
5089
5090
5092
5096
5098
5101
5105
5108
5110
5114
5117
5135
5137
5140
5143
5146
5148
5151
5155
5158
5161
5178
5180
5183
5186
5188
5191
5195
5198
5201
5204
5238
5240
5243
5247
5249
5252
5255
5257
5260
5277
5277
5279
5281
5283
5285
5287
5288
5363
5364
5366
5369
5373
5376
5379
5382
5385
5388
5392
5395
5429
5431
5433
5436
5440
5490
5492
5495
5498
5501
5503
5505
5506
5509
5511
5605
5605
5609
5612
5615
5618
5621
5625
5628
5631
5670
5670
5673
5676
5679
5683
5685
5688
5695
5699
5702
5722
5724
5727
5731
5734
5736
5739
5742
5745
5748
5848
5853
5857
5865
5867
5870
5872
5874
5877
5879
5949
5957
5961
5963
5969
5979
5984
5987
5989
5991
6050
6051
6054
6057
6060
6064
6072
6076
6135
6140
6142
6146
6149
6151
6154
6156
6158
6162
6198
6205
6207
6209
6212
6215
6218
6221
6223
6226
6229
6263
6268
6271
6275
6282
6284
6288
6290
6349
6351
6354
6358
6361
6363
6367
6370
6374
6438
6448
6452
6455
6458
6461
6464
6467
6470
6473
6476
6525
6527
6531
6537
6551
6554
6557
6560
6563
6633
6636
6638
6642
6644
6652
6656
6660
6664
6668
6766
6774
6777
6778
6781
6784
6787
6790
6794
6810
6812
6817
6825
6830
6835
6838
6841
6843
6913
6931
6935
6938
6940
6942
6946
6949
6950
6987
6993
6997
7001
7003
7007
7012
7050
7052
7056
7060
7063
7067
7070
7074
7077
7080
7142
7152
7159
7162
7165
7169
7172
7175
7232
7236
7240
7244
7247
7250
7254
7257
7260
7264
7282
7284
7287
7300
7304
7306
7311
7316
7380
7385
7388
7390
7392
7397
7400
7403
7407
7441
7443
7445
7448
7450
7453
7456
7459
7497
7499
7506
7509
7513
7517
7520
7529
7532
7611
7616
7618
7621
7626
7631
7637
7641
7644
7646
7650
7727
7729
7733
7736
7739
7743
7747
7750
7753
7756
7781
7782
7786
7790
7796
7802
7805
7809
7812
7869
7874
7877
7881
7883
7886
7889
7891
7929
7930
7932
7935
7937
7940
7942
7944
7947
7950
7980
7980
7992
7994
7997
8004
8007
8011
8083
8086
8087
8091
8093
8096
8100
8103
8106
8110
8151
8153
8155
8159
8162
8165
8167
8170
8173
8238
8238
8241
8244
8247
8250
8254
8256
8310
8316
8321
8335
8338
8341
8345
8349
8352
8434
8436
8445
8448
8452
8453
8456
8460
8463
8467
8515
8516
8519
8525
8527
8530
8534
8540
8602
8603
8606
8609
8612
8615
8618
8622
8625
8628
8696
8698
8703
8710
8713
8717
8720
8723
8725
8787
8789
8792
8794
8797
8799
8801
8805
8808
8874
8880
8882
8886
8889
8892
8896
8899
8901
8906
8946
8960
8964
8967
8969
8973
8976
8979
8983
8986
9030
9031
9034
9037
9041
9044
9045
9048
9051
9123
9128
9133
9136
9140
9143
9145
9149
9152
9156
9180
9180
9185
9190
9194
9197
9200
9203
9206
9230
9230
9235
9239
9242
9246
9250
9253
9256
9292
9299
9301
9304
9307
9310
9316
9317
9320
9323
9360
9364
9368
9372
9374
9376
9379
9382
9385
9388
9423
9428
9431
9434
9437
9440
9443
9447
9450
9484
9487
9489
9492
9495
9498
9501
9505
9508
9566
9568
9571
9574
9576
9579
9583
9586
9589
9592
9622
9623
9626
9627
9631
9634
9637
9644
9644
9655
9656
9689
9689
9692
9694
9697
9701
9703
9706
9709
9728
9728
9732
9735
9738
9741
9744
9746
9750
9752
9768
9769
9771
9775
9776
9779
9781
9784
9787
9789
9804
9805
9809
9812
9815
9817
9819
9823
9826
9842
9844
9846
9847
9851
9853
9857
9859
9862
9914
9915
9919
9923
9926
9928
9932
9934
9936
10006
10007
10010
10012
10015
10017
10020
10023
10027
10046
10048
10051
10055
10057
10061
10064
10083
10087
10124
10125
10129
10133
10135
10138
10142
10144
10147
10165
10166
10169
10172
10173
10176
10180
10183
10186
10190
10232
10233
10236
10239
10242
10246
10249
10252
10309
10309
10312
10317
10321
10327
10333
10336
10339
10342
10429
10431
10433
10436
10439
10442
10444
10448
10451
10454
10502
10504
10508
10510
10513
10515
10518
10535
10537
10538
10541
10545
10546
10549
10553
10556
10579
10581
10583
10586
10589
10592
10595
10597
10600
10604
10643
10643
10647
10650
10653
10654
10657
10660
10663
10666
10667
10698
10699
10700
10705
10707
10711
10714
10717
10720
10727
10729
10765
10766
10767
10770
10774
10777
10780
10784
10786
10789
10804
10805
10808
10811
10814
10817
10835
10836
10837
10840
10842
10854
10856
10858
10861
10872
10874
10876
10880
10883
10887
10889
10891
10894
10897
10899
10903
10905
10908
10912
10914
10917
10921
10924
10927
10931
10934
10937
10940
10943
10946
10949
10951
10955
10958
10961
10964
10967
10970
10973
10975
10978
10982
10985
10987
10989
10991
10993
10995
10997
10999
11001
11004
11006
11010
11013
11017
11020
11024
11026
11029
11033
11036
11040
11043
11046
11049
11052
11055
11059
11062
11065
11068
11071
11074
11077
11080
11084
11087
11090
11094
11097
11101
11108
11114
11117
11120
11124
11127
11129
11133
11136
11139
11143
11146
11148
11151
11154
11157
11161
11164
11165
11169
11172
11176
11179
11189
11192
11194
11198
11201
11204
11208
11211
11213
11217
11220
11223
11227
11230
11231
11235
11237
11239
11243
11245
11247
11249
11251
11254
11257
11259
11261
11264
11266
11268
11270
11272
11274
11275
11277
11280
11282
11284
11286
11288
11291
11292
11295
11299
11302
11305
11309
11312
11314
11318
11321
11324
11328
11330
11333
11337
11340
11342
11344
11347
11349
11352
11355
11358
11361
11364
11367
11370
11373
11377
11380
11381
11383
11385
11387
11389
11390
11392
11395
11397
11399
11401
11402
11404
11407
11410
11413
11416
11419
11422
11424
11428
11431
11434
11437
11439
11441
11442
11444
11446
11448
11451
11454
11460
11463
11467
11469
11472
11475
11479
11481
11484
11488
11491
11495
11498
11501
11504
11506
11508
11510
11511
11513
11515
11518
11521
11524
11527
11530
11533
11537
11540
11543
11547
11549
11552
11556
11558
11561
11565
11568
11572
11573
11576
11580
11583
11586
11589
11592
11595
11599
11602
11604
11608
11611
11614
11618
11621
11625
11628
11632
11634
11635
11639
11642
11645
11649
11653
11655
11658
11660
11663
11666
11670
11673
11676
11678
11680
11681
11683
11686
11689
11692
11694
11697
11700
11704
11706
11710
11713
11716
11719
11722
11725
11729
11732
11736
11738
11742
11745
11749
11752
11754
11758
11761
11764
11768
11770
11773
11777
11780
11784
11787
11792
11795
11798
11801
11805
11808
11811
11813
11816
11820
11823
11829
11832
11836
11839
11843
11848
11851
11863
11866
11870
11873
11875
11879
11882
11885
11888
11892
11895
11897
11901
11904
11907
11911
11915
11918
11921
11925
11927
11930
11934
11937
11940
11944
11947
11949
11953
11956
11959
11963
11966
11970
11971
11973
11975
11978
11980
11981
11983
11985
11987
11989
11991
11994
11997
12000
12004
12007
12009
12013
12016
12020
12023
12026
12030
12033
12037
12040
12042
12046
12049
12052
12056
12059
12061
12063
12066
12069
12073
12075
12078
12082
12085
12088
12092
12094
12096
12100
12103
12105
12107
12109
12109
12109
12109
12109
12109
12109
12109
12109
12109
12109
12109
12109
12109
12109
12109
12109
12109
12109
12109
12109
12109
12109
12109
12109
12109
12109
12109
12109
12109
12109
12109
12109
12109
12109
12109
12109
12109
12109
12109
12109
12109
12109
12109
12109
