99.699997 182.199997 0.350060 -0.000000 0.000000 -0.000000 0.000000
99.700005 182.199997 0.552733 -0.000000 -0.000001 -0.000000 9.030000
99.700005 182.199997 0.753055 -0.000001 -0.000001 -0.000000 9.260000
99.700005 182.199997 0.962444 -0.000000 -0.000001 -0.000000 9.470000
99.700005 182.199997 1.165068 -0.000000 -0.000001 -0.000000 9.660000
99.700005 182.199997 1.373898 -0.000000 -0.000001 -0.000000 9.850000
99.700005 182.199997 1.584458 -0.000000 -0.000000 -0.000000 10.040000
99.700005 182.199997 1.793917 0.000000 0.000000 -0.000000 10.230000
99.700005 182.199997 2.000174 0.000000 0.000000 -0.000000 10.420000
99.700005 182.199997 2.202245 0.000000 0.000000 -0.000000 10.610000
99.700005 182.199997 2.405159 -0.000000 -0.000000 0.000000 10.820000
99.700005 182.199997 2.204038 0.000000 0.000001 0.000000 11.880000
99.700005 182.199997 1.996296 0.000000 0.000001 0.000000 12.070000
99.700005 182.199997 1.794777 0.000000 0.000001 0.000000 12.240000
99.700005 182.199997 1.586987 0.000000 0.000000 0.000000 12.410000
99.700005 182.199997 1.379141 0.000000 0.000000 0.000000 12.580000
99.700241 182.199997 1.177891 -0.000010 0.016499 -0.000000 12.750000
99.709114 182.200012 0.970653 -0.000186 0.080361 -0.000004 12.950000
99.767891 182.200150 0.778764 -0.000647 0.122798 -0.000016 13.200000
99.930199 182.200851 0.653051 -0.000882 0.112266 0.000026 13.490000
100.130287 182.201950 0.613290 -0.000585 0.063082 0.000155 13.730000
100.334557 182.203201 0.610922 -0.000008 -0.038664 0.000341 13.950000
100.538292 182.204559 0.632654 0.000881 -0.104646 0.000539 14.210000
100.692970 182.184021 0.761839 0.022999 0.075776 -0.007718 15.040000
100.801712 182.130875 0.925226 0.015738 0.097186 -0.031200 15.430000
100.942055 182.083786 1.065223 0.008817 0.074856 -0.054337 15.680000
101.096939 182.037201 1.193287 0.021268 0.056543 -0.079009 15.900000
101.261185 181.984024 1.298026 0.041915 0.053358 -0.106016 16.110001
101.436470 181.915176 1.374972 0.042975 0.030175 -0.136794 16.320000
101.613663 181.831207 1.421969 0.035649 0.017781 -0.168949 16.530001
101.795868 181.731125 1.442495 0.028215 0.023539 -0.203303 16.750000
101.968094 181.627151 1.440757 0.008165 0.016398 -0.235647 16.959999
102.146767 181.520905 1.425933 -0.061862 0.011278 -0.264897 17.180000
102.336823 181.442184 1.405659 -0.101350 0.009059 -0.286382 17.410000
102.535332 181.414017 1.386577 -0.099012 0.010367 -0.297585 17.639999
102.743050 181.433365 1.372299 -0.076680 0.015085 -0.298234 17.870001
102.938179 181.480896 1.364579 -0.037766 -0.000216 -0.288793 18.080000
103.129608 181.540939 1.362317 0.007595 0.014635 -0.273525 18.290001
103.325882 181.595978 1.365891 0.036328 0.034954 -0.251463 18.510000
103.523911 181.628571 1.374538 0.041209 0.047774 -0.225810 18.730000
103.728653 181.636322 1.386595 0.033618 0.044975 -0.200481 18.950001
103.930382 181.625198 1.399352 0.023277 0.037854 -0.178463 19.160000
104.136353 181.602005 1.410019 0.015025 0.033634 -0.159326 19.370001
104.335129 181.573044 1.416042 0.008216 0.028774 -0.144244 19.570000
104.535286 181.540665 1.417289 0.003048 0.027904 -0.131403 19.770000
104.736221 181.507233 1.413918 -0.000243 0.022251 -0.119503 19.969999
104.935905 181.474457 1.407103 -0.004023 0.007121 -0.107597 20.170000
105.139435 181.443130 1.399660 -0.011718 0.007396 -0.095087 20.379999
105.345955 181.416763 1.394835 -0.014998 0.016285 -0.081949 20.600000
105.550125 181.397949 1.394772 -0.013565 0.026306 -0.069137 20.820000
105.756454 181.385513 1.399890 -0.009703 0.032114 -0.057302 21.040001
105.957565 181.377686 1.408952 -0.005546 0.032685 -0.047580 21.250000
106.162758 181.371979 1.421101 -0.002077 0.030391 -0.040285 21.459999
106.370354 181.366913 1.433818 0.001340 0.019814 -0.035689 21.670000
106.576683 181.361237 1.443718 0.003900 0.020077 -0.033473 21.879999
106.781456 181.353989 1.448944 0.004737 0.024254 -0.033193 22.090000
106.986168 181.344833 1.449026 0.004280 0.026224 -0.034422 22.299999
107.191727 181.333984 1.444562 0.003013 0.013970 -0.036761 22.510000
107.399368 181.321762 1.436553 0.000799 -0.062509 -0.040020 22.730000
107.599632 181.308838 1.425127 -0.001071 -0.113980 -0.044294 23.000000
107.799332 181.297180 1.410987 -0.010267 0.126542 -0.044382 23.889999
