0.000000 0.000000 0.252060 0.000000 -0.000000 0.000000 0.000000
0.000004 -0.000002 0.453630 -0.000000 -0.000000 0.000000 7.000000
0.000006 -0.000003 0.656785 -0.000022 -0.000023 -0.000005 7.260000
-0.000002 0.000006 0.865814 -0.000054 -0.000055 -0.000033 7.480000
-0.000029 0.000033 1.085412 0.000018 0.000017 -0.000074 7.690000
-0.000049 0.000053 1.292946 0.000053 0.000052 -0.000099 7.880000
-0.000051 0.000054 1.503718 0.000031 0.000031 -0.000114 8.070000
-0.000042 0.000045 1.714174 0.000015 0.000015 -0.000120 8.260000
-0.000027 0.000030 1.922039 0.000001 0.000002 -0.000118 8.450000
-0.000013 0.000016 2.125458 -0.000007 -0.000007 -0.000112 8.640000
-0.000001 0.000004 2.331087 -0.000011 -0.000011 -0.000100 8.840000
0.000006 -0.000003 2.532685 -0.000015 -0.000015 -0.000090 9.110000
0.000013 -0.000010 2.329635 0.000014 0.000015 -0.000009 9.860000
0.000026 -0.000024 2.129402 -0.000028 -0.000027 0.000021 10.060000
0.000032 -0.000029 1.924223 -0.000021 -0.000021 0.000042 10.240000
0.000031 -0.000028 1.718398 -0.000013 -0.000013 0.000055 10.410000
0.000027 -0.000024 1.508349 -0.000006 -0.000006 0.000064 10.580000
0.000021 -0.000018 1.299896 -0.000001 0.000837 0.000069 10.750000
0.001358 -0.000011 1.093403 -0.000038 0.038719 0.000069 10.930000
0.021224 0.000026 0.893738 -0.000332 0.101588 0.000058 11.140000
0.119744 0.000355 0.714425 -0.000803 0.124336 0.000046 11.420000
0.303283 0.001253 0.629776 -0.000801 0.104171 0.000106 11.690000
0.510093 0.002443 0.608631 -0.000388 0.022787 0.000260 11.920000
0.717498 0.003765 0.617214 0.000317 -0.073376 0.000445 12.150000
0.919306 0.005063 0.651399 0.001303 -0.111128 0.000644 12.460000
1.098979 -0.007606 0.556947 0.008926 0.146745 -0.018432 13.510000
1.297302 -0.025659 0.520584 0.000623 0.104051 -0.026847 13.800000
1.497959 -0.040872 0.502876 -0.006045 0.072957 -0.030515 14.020000
1.701941 -0.052661 0.494017 -0.008042 0.049382 -0.031997 14.220000
1.905064 -0.061100 0.490663 -0.007489 0.032428 -0.032138 14.410000
2.110688 -0.066942 0.490915 -0.005701 0.020718 -0.031356 14.600000
2.313770 -0.070755 0.493394 -0.003442 -0.002240 -0.029824 14.790000
2.517913 -0.073300 0.496895 -0.001394 -0.000903 -0.027809 14.990000
2.722216 -0.075255 0.500604 -0.000057 0.008828 -0.025397 15.200000
2.928524 -0.077231 0.504242 0.000585 0.000477 -0.022056 15.420000
3.133822 -0.079366 0.506826 -0.001561 0.012597 -0.017004 15.650000
3.334760 -0.080700 0.508649 -0.004178 0.031536 -0.010661 15.880000
3.538982 -0.080110 0.509824 -0.004420 0.016494 -0.003351 16.110001
3.742596 -0.077400 0.510397 -0.003412 0.029288 0.004016 16.340000
3.949476 -0.073043 0.510638 -0.002253 0.025363 0.011106 16.570000
4.149524 -0.067893 0.510654 -0.000889 0.021512 0.018470 16.790001
4.358483 -0.062134 0.510334 -0.000836 0.019318 0.028158 17.020000
4.566336 -0.055629 0.509899 -0.007239 0.020708 0.039963 17.250000
4.773695 -0.045540 0.509502 -0.010711 0.027567 0.053534 17.480000
4.973235 -0.030890 0.509097 -0.009808 0.015490 0.067600 17.700001
5.179795 -0.010982 0.508623 -0.007201 0.029119 0.081791 17.930000
5.379924 0.011562 0.508553 -0.004442 0.034510 0.094304 18.150000
5.585403 0.036504 0.508647 -0.001939 0.036402 0.105184 18.370001
5.787107 0.061623 0.508941 -0.000143 0.026852 0.113728 18.580000
5.989895 0.086833 0.509195 0.000824 0.011065 0.119509 18.790001
6.197580 0.112308 0.509329 0.000590 0.020377 0.120951 19.010000
6.403859 0.136835 0.509307 0.014539 0.025687 0.116732 19.230000
6.612351 0.154304 0.509316 0.039700 0.026245 0.106190 19.450001
6.814040 0.155108 0.509164 0.043433 0.011822 0.089595 19.660000
7.022049 0.137255 0.508865 0.036258 0.006804 0.067384 19.879999
7.224020 0.103903 0.508564 0.027238 0.017387 0.041169 20.100000
7.423039 0.060125 0.508302 0.015180 0.009261 0.010945 20.320000
7.617617 0.011362 0.508161 0.007926 0.024092 -0.021619 20.540001
7.812736 -0.038928 0.508291 0.003785 0.032688 -0.055928 20.760000
8.012545 -0.089296 0.508513 0.001695 0.035110 -0.088492 20.980000
8.208674 -0.137063 0.508817 0.000041 0.033890 -0.114556 21.190001
8.409580 -0.183901 0.509170 -0.007445 0.032148 -0.134384 21.400000
8.614607 -0.227224 0.509500 -0.013820 0.029884 -0.148109 21.610001
8.811950 -0.262930 0.509452 -0.013853 -0.009931 -0.155499 21.809999
9.012703 -0.293414 0.508647 -0.007794 -0.089111 -0.158423 22.030001
9.214148 -0.317948 0.506480 0.002605 -0.132786 -0.157322 22.350000
9.373520 -0.281238 0.628588 -0.040651 0.082164 -0.132633 23.270000
9.520588 -0.223984 0.763491 -0.031213 0.071490 -0.109004 23.570000
9.671153 -0.168645 0.888412 -0.015522 0.040172 -0.086201 23.799999
9.821851 -0.114819 1.011183 -0.006958 0.026633 -0.066369 24.010000
9.977413 -0.062139 1.130357 0.017509 0.035037 -0.049850 24.219999
10.147870 -0.018097 1.235844 0.041309 0.055557 -0.037866 24.440001
10.332917 0.005371 1.314037 0.045529 0.057858 -0.033259 24.660000
10.533204 0.007243 1.364597 0.036826 0.050909 -0.034708 24.879999
10.735288 -0.006904 1.390797 0.023380 0.031464 -0.040199 25.090000
10.939627 -0.030377 1.400371 0.009500 -0.000642 -0.047455 25.299999
11.144552 -0.058001 1.397246 -0.002219 0.008254 -0.054729 25.520000
11.342952 -0.083693 1.385083 -0.007374 0.025454 -0.061127 25.740000
11.542492 -0.105547 1.367911 -0.008182 0.031626 -0.065830 25.959999
11.746878 -0.123584 1.349235 -0.006743 0.036476 -0.068522 26.180000
11.946715 -0.138006 1.332544 -0.005064 0.014495 -0.069061 26.389999
12.153646 -0.150589 1.319925 -0.003749 0.019199 -0.068223 26.610001
12.359115 -0.161383 1.314821 -0.002461 0.019908 -0.066228 26.830000
12.562967 -0.171057 1.316944 -0.001210 0.011991 -0.063469 27.049999
12.763064 -0.180074 1.325147 -0.000335 0.027694 -0.060353 27.270000
12.965418 -0.189201 1.338187 0.000067 0.034502 -0.056489 27.490000
13.172841 -0.198748 1.354137 -0.000890 0.023325 -0.050552 27.709999
13.380829 -0.207665 1.369906 -0.007868 0.017360 -0.041982 27.930000
13.586863 -0.212998 1.383583 -0.012087 0.024797 -0.030482 28.150000
13.792452 -0.213009 1.394191 -0.011305 0.009035 -0.016737 28.370001
13.993330 -0.207946 1.401565 -0.009144 0.020567 -0.004516 28.590000
14.201968 -0.198654 1.406696 -0.002415 0.024350 0.004670 28.820000
14.402805 -0.189055 1.411481 0.006156 0.026637 0.009543 29.040001
14.606011 -0.182494 1.417859 0.009968 0.033556 0.010767 29.260000
14.813963 -0.180607 1.426699 0.009929 0.034475 0.008877 29.480000
15.017583 -0.183021 1.437398 0.007729 0.029696 0.004885 29.690001
15.222878 -0.188502 1.448397 0.004807 0.009394 -0.000589 29.900000
15.423509 -0.195768 1.456622 0.002609 0.020280 -0.006627 30.110001
15.631990 -0.204256 1.460876 0.001191 0.027060 -0.013018 30.330000
15.832474 -0.212637 1.460504 0.000383 0.029117 -0.017755 30.540001
16.034321 -0.220924 1.456485 -0.001647 0.012659 -0.020261 30.750000
16.242090 -0.228524 1.449161 -0.004437 0.018098 -0.020791 30.969999
16.447104 -0.233940 1.439820 -0.004988 0.000111 -0.019516 31.190001
16.647030 -0.236902 1.429571 -0.002958 -0.077957 -0.016665 31.420000
16.849012 -0.237241 1.415084 -0.003408 -0.160840 -0.011582 31.780001
16.917673 -0.222613 1.224304 -0.008697 0.094114 0.008737 32.410000
17.024340 -0.204532 1.048475 -0.008161 0.087409 0.031979 32.730000
17.190977 -0.179743 0.937172 -0.007761 0.070393 0.058696 33.020000
17.388617 -0.149299 0.913304 -0.004340 0.036102 0.086026 33.290001
17.586599 -0.117573 0.960563 -0.002010 0.029771 0.110482 33.540001
17.766771 -0.088352 1.046445 0.001642 0.022820 0.129513 33.759998
17.941248 -0.061795 1.144689 0.020033 0.029568 0.143326 33.970001
18.120895 -0.042834 1.238822 0.033403 0.038672 0.151086 34.180000
18.308294 -0.035589 1.317221 0.031516 0.021124 0.151260 34.389999
18.507353 -0.040290 1.377379 0.026069 0.027206 0.144905 34.610001
18.709681 -0.054405 1.415410 0.017388 0.032151 0.131335 34.830002
18.916948 -0.073571 1.433746 0.006915 0.032077 0.111624 35.049999
19.118979 -0.092523 1.436987 -0.000142 0.026152 0.088420 35.259998
19.321487 -0.109673 1.430614 -0.003616 0.009253 0.062144 35.470001
19.528183 -0.125111 1.417597 -0.000004 0.016807 0.032458 35.689999
19.731852 -0.139541 1.401555 0.004178 0.021779 0.001963 35.910000
19.934189 -0.154986 1.385247 0.005158 0.012138 -0.027826 36.130001
20.141731 -0.172992 1.369216 0.004733 0.024653 -0.056203 36.360001
20.349253 -0.193012 1.355310 0.001458 0.009448 -0.080569 36.590000
20.551579 -0.212400 1.344426 -0.015056 0.006688 -0.098712 36.820000
20.756531 -0.224138 1.336299 -0.026129 0.024586 -0.108951 37.060001
20.963125 -0.222855 1.331085 -0.024094 0.019142 -0.108838 37.299999
21.171131 -0.209793 1.327669 -0.019397 0.032615 -0.099476 37.540001
21.376682 -0.189576 1.325571 -0.014106 0.037420 -0.082715 37.770000
21.581396 -0.165987 1.323988 -0.009376 0.038937 -0.063713 37.990002
21.783669 -0.141704 1.321915 -0.000941 0.032654 -0.045764 38.200001
21.989899 -0.118909 1.318011 0.009333 0.030024 -0.029332 38.410000
22.198505 -0.101284 1.311916 0.013612 0.018380 -0.015244 38.619999
22.404579 -0.090209 1.303766 0.012856 0.007765 -0.004578 38.830002
22.613541 -0.084900 1.293609 0.011168 0.010833 0.001530 39.049999
22.817434 -0.085286 1.284223 0.014755 0.021487 0.001834 39.270000
23.020596 -0.092342 1.277612 0.015045 0.028241 -0.003730 39.490002
23.226625 -0.106006 1.274660 0.012439 0.033825 -0.013941 39.709999
23.427757 -0.123987 1.275114 0.008567 0.032394 -0.026436 39.919998
23.631241 -0.144962 1.278043 0.001203 0.002532 -0.040060 40.130001
23.836708 -0.166048 1.281911 -0.013969 0.006045 -0.052624 40.349998
24.044153 -0.180586 1.285531 -0.021101 0.022966 -0.061318 40.580002
24.252462 -0.184718 1.288139 -0.020453 0.032373 -0.063498 40.810001
24.456791 -0.179895 1.289637 -0.015889 0.034291 -0.058621 41.029999
24.664408 -0.168948 1.289699 -0.006829 -0.023177 -0.047041 41.250000
24.865299 -0.153782 1.288251 0.005553 -0.098005 -0.030487 41.490002
25.057352 -0.133765 1.235533 0.000460 0.009507 0.003404 42.070000
25.158155 -0.123011 1.057603 -0.008418 0.094172 0.029411 42.549999
25.340521 -0.102756 0.973748 -0.006314 0.067516 0.051909 42.889999
25.541742 -0.078443 0.995391 -0.002794 0.044172 0.069990 43.169998
25.733418 -0.055357 1.068075 0.008048 0.039531 0.080884 43.410000
25.920012 -0.037466 1.149140 0.018304 0.046891 0.085036 43.630001
26.109018 -0.027120 1.221781 0.019858 0.030736 0.082604 43.840000
26.302986 -0.024191 1.280319 0.016711 0.026514 0.075193 44.049999
26.499245 -0.027334 1.321511 0.011898 0.027961 0.063518 44.259998
26.706469 -0.034698 1.346550 0.002375 0.015664 0.048594 44.480000
26.911192 -0.042415 1.355939 -0.006296 0.023251 0.034551 44.700001
27.115307 -0.046788 1.354332 -0.009091 0.016150 0.023932 44.919998
27.317060 -0.046711 1.346069 -0.008434 0.018029 0.016802 45.139999
27.517235 -0.042670 1.334510 -0.006311 0.028211 0.012720 45.360001
27.718769 -0.035937 1.323822 -0.000063 0.017360 0.010717 45.580002
27.918951 -0.029400 1.318454 0.006185 0.025213 0.008413 45.799999
28.120119 -0.025838 1.320077 0.007985 0.017004 0.004473 46.020000
28.328529 -0.026067 1.327541 0.004430 0.016269 0.000475 46.250000
28.534420 -0.028403 1.335851 -0.002319 0.028576 -0.001557 46.480000
28.742844 -0.029626 1.341391 -0.005744 0.022951 -0.000582 46.709999
28.943037 -0.028165 1.342512 -0.006162 0.021610 0.002697 46.930000
29.143219 -0.023972 1.339540 -0.005034 0.027075 0.007462 47.150002
29.344807 -0.017747 1.332834 -0.000012 0.019614 0.012497 47.369999
29.545670 -0.011732 1.322778 0.005931 0.026497 0.015620 47.590000
29.748411 -0.008414 1.310421 0.008078 0.031659 0.015654 47.810001
29.955532 -0.008588 1.298859 0.005634 0.033362 0.013838 48.029999
30.157787 -0.010997 1.292302 0.002120 0.032665 0.011409 48.240002
30.363867 -0.014080 1.291546 -0.000279 0.027650 0.008927 48.450001
30.572025 -0.016825 1.296698 -0.001462 0.026789 0.006592 48.660000
30.781284 -0.018768 1.306646 -0.001594 0.015655 0.004489 48.869999
30.986908 -0.020020 1.318327 0.000998 0.006708 0.002217 49.080002
31.195284 -0.021700 1.329162 0.003521 0.018393 -0.001089 49.299999
31.400515 -0.024841 1.336678 0.003976 0.010505 -0.005665 49.520000
31.601166 -0.029649 1.340329 0.003362 0.018462 -0.010909 49.740002
31.808458 -0.036137 1.340428 0.002179 0.002189 -0.016657 49.970001
32.010513 -0.043587 1.337440 0.000356 -0.075952 -0.022438 50.209999
32.213230 -0.052351 1.330086 -0.001717 -0.123453 -0.029652 50.570000
32.317799 -0.056476 1.153662 0.000141 0.095192 -0.035135 51.310001
32.455986 -0.061158 1.006525 -0.001471 0.077073 -0.034095 51.660000
32.655987 -0.066539 0.960538 -0.001500 0.046376 -0.031942 51.980000
32.854416 -0.070868 1.002602 -0.001126 0.036108 -0.028430 52.250000
33.043755 -0.074373 1.076570 -0.002075 0.051268 -0.024029 52.490002
33.232567 -0.077013 1.150567 -0.002659 0.056476 -0.019480 52.709999
33.427635 -0.078762 1.214216 -0.002425 0.048771 -0.015038 52.919998
33.623627 -0.079714 1.262965 -0.001793 0.039257 -0.010996 53.119999
33.823746 -0.080094 1.298707 -0.002432 -0.001879 -0.007068 53.320000
34.025059 -0.079323 1.323680 -0.007120 -0.001082 -0.002049 53.529999
34.225777 -0.075484 1.339737 -0.009185 0.017905 0.005477 53.750000
34.433437 -0.067195 1.350145 -0.009051 0.030791 0.014748 53.980000
34.634945 -0.055585 1.356454 0.000304 0.024491 0.022273 54.200001
34.838337 -0.044591 1.359226 0.013848 0.030555 0.026027 54.419998
35.045334 -0.039821 1.358635 0.019075 0.033916 0.024937 54.639999
35.247574 -0.043117 1.355630 0.018054 0.032250 0.021171 54.849998
35.453526 -0.053461 1.350890 0.013494 0.023353 0.016968 55.060001
35.658779 -0.068551 1.345339 0.002593 0.007188 0.013487 55.270000
35.858330 -0.084015 1.339668 -0.007000 0.019635 0.011026 55.480000
36.064896 -0.096337 1.334343 -0.010789 0.013130 0.009352 55.700001
36.267498 -0.103118 1.330111 -0.010414 0.013449 0.006948 55.919998
36.474197 -0.104950 1.326829 -0.002691 0.010178 0.002241 56.150002
36.676201 -0.105404 1.324361 0.007735 0.026045 -0.005719 56.380001
36.880253 -0.109570 1.322508 0.012231 0.037650 -0.017202 56.610001
37.082340 -0.119236 1.320925 0.011809 0.037612 -0.030379 56.830002
37.291389 -0.134308 1.319349 0.008386 0.025707 -0.044281 57.049999
37.491077 -0.151712 1.318141 -0.004145 -0.000706 -0.056511 57.259998
37.691391 -0.167137 1.317664 -0.018109 0.013832 -0.065577 57.480000
37.897545 -0.174256 1.318534 -0.022795 0.029663 -0.069189 57.709999
38.098454 -0.171119 1.320603 -0.020384 0.030866 -0.065723 57.930000
38.303837 -0.159704 1.321874 -0.016199 0.029801 -0.055677 58.150002
38.503399 -0.143104 1.320391 -0.011685 0.031186 -0.040385 58.360001
38.706604 -0.122928 1.315394 -0.007522 0.032187 -0.021323 58.570000
38.913193 -0.100902 1.307425 -0.000861 0.027996 -0.002099 58.779999
39.121372 -0.079893 1.299728 0.012271 0.023796 0.014246 58.990002
39.329914 -0.064741 1.295409 0.019506 0.027207 0.025464 59.200001
39.539810 -0.058129 1.295929 0.019578 0.024246 0.030695 59.410000
39.740173 -0.059515 1.300903 0.015885 0.022552 0.030626 59.610001
39.948105 -0.067131 1.309239 0.008475 -0.029710 0.025516 59.820000
40.148392 -0.079324 1.318688 -0.001523 -0.101785 0.016590 60.049999
40.349236 -0.097286 1.326189 -0.013397 -0.143940 -0.001214 60.450001
40.329048 -0.097173 1.123934 0.001551 0.008082 -0.026555 61.049999
40.299828 -0.095835 0.924665 0.009111 0.063892 -0.042185 61.320000
40.320190 -0.104079 0.719572 0.022265 0.132481 -0.062993 61.599998
40.442463 -0.136200 0.559487 0.021827 0.128866 -0.091700 61.889999
40.627075 -0.184751 0.475145 0.014725 0.098388 -0.121487 62.139999
40.821785 -0.236563 0.439051 0.008278 0.069463 -0.148711 62.349998
41.015968 -0.288445 0.427699 0.003864 0.046668 -0.173408 62.540001
41.217819 -0.342305 0.430612 0.001353 0.028813 -0.196918 62.730000
41.420868 -0.396314 0.442125 0.000446 0.017880 -0.217635 62.919998
41.621132 -0.449476 0.457595 0.000569 0.012571 -0.233931 63.110001
41.816757 -0.501464 0.473633 -0.000691 0.009728 -0.244949 63.299999
42.017288 -0.554277 0.488704 -0.005636 0.013186 -0.251298 63.500000
42.213814 -0.603866 0.500680 -0.008507 0.013343 -0.253037 63.700001
42.415546 -0.651323 0.509689 -0.008055 0.001377 -0.250843 63.910000
42.618950 -0.695550 0.514906 -0.006264 0.014983 -0.245642 64.129997
42.818821 -0.736263 0.517012 -0.004197 0.012785 -0.238297 64.349998
43.015209 -0.774536 0.517000 -0.002133 0.014020 -0.229884 64.570000
43.217342 -0.813118 0.515514 -0.000669 0.025524 -0.220838 64.800003
43.419746 -0.851761 0.513587 0.000120 0.017207 -0.212866 65.029999
43.621056 -0.890448 0.511754 -0.000094 0.029970 -0.208472 65.260002
43.825420 -0.930024 0.510267 0.002621 0.019924 -0.209093 65.489998
44.029625 -0.971343 0.509206 0.009610 0.024364 -0.214195 65.720001
44.224957 -1.015466 0.508693 0.012114 0.026374 -0.222576 65.940002
44.420303 -1.065179 0.508310 0.010485 0.015839 -0.233322 66.160004
44.621670 -1.121563 0.507866 0.007432 0.027966 -0.245318 66.389999
44.815868 -1.179250 0.507672 0.004482 0.035046 -0.256797 66.610001
45.014957 -1.240042 0.507911 0.001907 0.035573 -0.267510 66.830002
45.209831 -1.299987 0.508332 0.000008 0.019351 -0.276459 67.040001
45.403648 -1.359433 0.508711 -0.001084 0.010444 -0.282788 67.250000
45.601578 -1.419342 0.508787 -0.006022 0.015208 -0.285465 67.470001
45.797165 -1.475611 0.508818 -0.010578 0.026481 -0.283662 67.690002
45.995735 -1.527818 0.509025 -0.011441 0.032770 -0.277670 67.910004
46.190620 -1.574347 0.509098 -0.009405 0.034123 -0.269149 68.120003
46.390602 -1.618547 0.509140 -0.006120 0.020153 -0.258974 68.330002
46.590012 -1.660361 0.509055 -0.002793 0.010397 -0.248267 68.540001
46.794235 -1.702095 0.508837 -0.000613 0.021585 -0.237359 68.760002
46.997509 -1.743650 0.508668 0.000497 0.027750 -0.226656 68.980003
47.202637 -1.786089 0.508626 -0.000362 0.027075 -0.215088 69.199997
47.400543 -1.826886 0.508698 -0.004499 0.028584 -0.203435 69.410004
47.600883 -1.866329 0.508777 -0.006556 0.024417 -0.191647 69.620003
47.801239 -1.903037 0.508769 -0.006039 0.008410 -0.180266 69.830002
48.006023 -1.937816 0.508741 -0.004481 0.017905 -0.169644 70.050003
48.206940 -1.969864 0.508497 -0.002486 -0.022092 -0.160429 70.269997
48.407959 -2.000569 0.507568 -0.000852 -0.094941 -0.152129 70.519997
48.606083 -2.029874 0.506084 0.000054 -0.080679 -0.143078 71.010002
48.730858 -2.051073 0.666617 0.001499 0.095451 -0.144221 71.730003
48.877365 -2.075495 0.811900 0.000265 0.075975 -0.147106 72.000000
49.024086 -2.099412 0.946829 -0.000321 0.055129 -0.149600 72.209999
49.171726 -2.123108 1.079687 -0.000436 0.038181 -0.151850 72.400002
49.325760 -2.147569 1.214331 -0.003126 0.004141 -0.153868 72.589996
49.483150 -2.170159 1.343024 -0.039979 -0.009458 -0.154875 72.790001
49.648411 -2.176241 1.458424 -0.080777 0.015377 -0.153837 73.010002
49.831028 -2.145725 1.548656 -0.073670 0.010082 -0.145022 73.250000
50.015564 -2.079867 1.605006 -0.058073 0.020668 -0.131660 73.489998
50.196712 -1.992849 1.635910 -0.042329 0.032186 -0.113919 73.720001
50.377762 -1.895979 1.652110 -0.025967 0.032786 -0.095424 73.940002
50.556892 -1.799778 1.658453 0.027117 0.032680 -0.080060 74.150002
50.749054 -1.717500 1.654563 0.085942 0.040796 -0.068789 74.370003
50.947044 -1.677824 1.640278 0.100886 0.041053 -0.065230 74.589996
51.150406 -1.686101 1.617085 0.085718 0.035261 -0.069851 74.809998
51.347122 -1.730840 1.589262 0.057820 0.021397 -0.081450 75.019997
51.540405 -1.797665 1.560546 0.008300 -0.008867 -0.097584 75.230003
51.730148 -1.866351 1.540409 -0.059927 -0.002661 -0.113885 75.449997
51.928642 -1.905900 1.538217 -0.088830 0.012427 -0.128552 75.690002
52.128761 -1.895317 1.557617 -0.081342 0.019067 -0.136232 75.930000
52.325531 -1.844493 1.593004 -0.057192 0.021227 -0.136070 76.160004
52.516918 -1.774542 1.631024 0.015058 0.018168 -0.130716 76.379997
52.707001 -1.715546 1.658126 0.083037 0.032453 -0.124269 76.599998
52.913395 -1.696389 1.667242 0.096938 0.020824 -0.122126 76.839996
53.114613 -1.729695 1.652768 0.082460 0.024624 -0.122841 77.080002
53.303535 -1.800931 1.622983 0.038432 0.024088 -0.128370 77.309998
53.484047 -1.885380 1.590683 -0.001095 0.035220 -0.136131 77.529999
53.671207 -1.967927 1.562272 -0.020688 0.040281 -0.145548 77.750000
53.859383 -2.036924 1.541706 -0.025094 0.037731 -0.153332 77.959999
54.055676 -2.094339 1.529281 -0.033266 0.028801 -0.157898 78.169998
54.256821 -2.135700 1.530547 -0.060491 0.015734 -0.157533 78.379997
54.459026 -2.150624 1.548229 -0.070287 0.007929 -0.151535 78.589996
54.659359 -2.135443 1.581629 -0.062665 0.005966 -0.140077 78.800003
54.856361 -2.094504 1.628189 -0.047085 0.009094 -0.123414 79.010002
55.049263 -2.035953 1.682729 -0.032078 -0.010031 -0.101309 79.220001
55.229408 -1.964303 1.734233 -0.065041 -0.050695 -0.074849 79.430000
55.395763 -1.857266 1.776654 -0.094066 -0.069425 -0.041796 79.660004
55.527122 -1.702243 1.799763 -0.089917 -0.060135 -0.005437 79.900002
55.617165 -1.516752 1.802279 -0.072595 -0.035404 0.030795 80.129997
55.678459 -1.325946 1.791487 -0.035953 -0.020176 0.065840 80.339996
55.727802 -1.129272 1.772048 -0.008106 0.003774 0.101324 80.550003
55.779640 -0.930028 1.743264 0.026234 0.051742 0.139350 80.769997
55.856632 -0.740864 1.704705 0.039176 0.077069 0.178722 81.000000
55.969379 -0.573672 1.659039 0.034014 0.075019 0.216251 81.230003
56.108994 -0.429887 1.610879 0.020981 0.062361 0.251259 81.449997
56.261913 -0.303072 1.564513 0.028053 -0.006482 0.281954 81.660004
56.420612 -0.186207 1.520929 0.040494 -0.083658 0.311257 81.889999
56.582561 -0.081722 1.467455 0.036659 -0.116804 0.351705 82.330002
56.618443 -0.096724 1.266027 -0.002565 0.100823 0.366219 82.910004
56.725506 -0.072783 1.093681 -0.003874 0.089755 0.357582 83.230003
56.894737 -0.019793 1.000417 -0.000634 0.057205 0.344847 83.529999
57.086735 0.043216 1.008407 0.000827 0.025637 0.330150 83.809998
57.265862 0.101757 1.088289 0.003054 0.021594 0.313530 84.059998
57.434521 0.154537 1.194029 0.014681 0.038214 0.294781 84.290001
57.606846 0.201220 1.294883 0.022272 0.051217 0.273430 84.510002
57.793728 0.242030 1.379040 0.020464 0.033373 0.249195 84.730003
57.987587 0.275837 1.439863 0.012919 0.018240 0.225148 84.949997
58.182140 0.304418 1.479187 0.005464 0.028286 0.203143 85.169998
58.379494 0.331541 1.501856 0.000641 0.034921 0.183789 85.389999
58.582283 0.359780 1.513467 -0.001972 0.036859 0.167711 85.610001
58.781357 0.388753 1.518758 -0.002928 0.030249 0.155683 85.820000
58.982323 0.419359 1.521604 -0.002931 0.007030 0.147474 86.029999
59.185654 0.452292 1.522354 -0.017116 0.000741 0.144015 86.250000
59.386871 0.493411 1.519210 -0.033508 0.014072 0.146927 86.480003
