0
0
0
0
0
0
0
0
0
0
0
0
0
0
0
36
154
155
159
162
164
166
170
172
175
193
264
267
271
274
277
280
282
285
304
350
353
358
361
364
367
371
374
377
395
333
334
335
337
338
338
340
341
376
381
381
382
383
383
385
386
387
405
446
451
453
454
455
457
458
460
461
537
537
538
538
540
540
540
543
544
585
586
587
590
590
592
593
594
596
597
612
613
615
616
618
619
620
622
623
674
675
675
676
677
677
678
683
700
752
753
754
756
757
759
760
761
761
776
813
814
816
817
818
820
825
826
845
917
920
922
925
927
928
929
930
935
943
999
1002
1004
1007
1008
1011
1013
812
830
943
946
948
955
960
961
968
981
982
984
987
1004
1110
1113
1120
1141
1149
1151
1155
1155
1156
1157
1173
1251
1254
1255
1277
1284
1286
1287
1290
1326
1326
1327
1329
1330
1332
1334
1335
1335
1403
1403
1403
1403
1404
1406
1408
1409
1411
1422
1446
1448
1449
1450
1452
1453
1470
1564
1567
1569
1571
1572
1573
1574
1574
1574
1577
1592
1592
1594
1596
1597
1598
1599
1600
1602
1603
1703
1704
1705
1707
1708
1710
1712
1713
1714
1716
1717
1757
1758
1759
1760
1762
1763
1765
1767
1784
1790
1462
1465
1467
1468
1470
1471
1472
1494
1571
1572
1574
1574
1575
1576
1578
1579
1579
1580
1614
1616
1619
1620
1621
1623
1624
1636
1655
1685
1689
1691
1694
1695
1697
1697
1700
1803
1805
1806
1807
1809
1810
1810
1812
1813
1872
1876
1878
1878
1879
1879
1880
1881
1882
1883
1935
1936
1939
1940
1941
1943
1944
1944
1945
1946
1979
1982
1984
1991
1991
1993
1995
1996
2011
2059
2060
2061
2062
2062
2063
2064
2071
2132
2137
2139
2140
2141
2143
2144
2145
2147
2164
2168
2170
2171
2172
2175
2200
2202
2202
2220
1904
1944
1945
1946
1950
1953
1954
1956
2014
2019
2021
2021
2023
2024
2025
2027
2028
2045
2080
2081
2093
2095
2098
2099
2100
2101
2117
2153
2154
2155
2156
2159
2160
2172
2174
2175
2243
2248
2248
2249
2250
2250
2251
2253
2254
2257
2277
2319
2321
2321
2321
2321
2322
2323
2323
2401
2401
2403
2404
2417
2419
2420
2420
2422
2423
2468
2469
2471
2473
2476
2478
2487
2491
2492
2513
2537
2539
2544
2546
2547
2549
2550
2551
2615
2616
2618
2619
2620
2622
2622
2623
2625
2641
2661
2666
2666
2667
2668
2670
2672
2343
2366
2420
2423
2425
2427
2429
2431
2434
2435
2437
2504
2508
2508
2514
2516
2516
2517
2518
2519
2521
2538
2566
2568
2569
2569
2571
2572
2575
2579
2594
2617
2619
2622
2622
2624
2625
2626
2628
2647
2694
2697
2698
2700
2701
2702
2703
2704
2704
2735
2735
2736
2738
2738
2739
2745
2746
2758
2807
2809
2811
2812
2814
2855
2855
2855
2855
2855
2860
2860
2860
2863
2878
2908
2909
2911
2912
2914
2915
2917
2917
2935
2958
2958
2959
2962
2972
2973
2975
2976
2977
3011
3012
3014
3016
3035
3069
3070
3075
3076
2730
2733
2735
2736
2753
2862
2864
2866
2867
2868
2870
2871
2872
2890
2895
2896
2899
2900
2901
2906
2908
2908
2925
2950
2951
2952
2953
2953
2955
2956
2957
2964
3021
3022
3024
3025
3027
3028
3028
3029
3030
3031
3056
3057
3058
3060
3061
3062
3065
3066
3103
3107
3110
3113
3114
3116
3117
3118
3120
3122
3182
3183
3184
3188
3188
3189
3190
3192
3196
3213
3213
3214
3214
3215
3216
3217
3218
3220
3221
3237
3238
3239
3240
3242
3242
3243
3245
3246
3264
3265
3266
3267
3269
3270
3271
3273
3274
3275
3291
3333
3052
3063
3065
3068
3069
3073
3074
3091
3118
3120
3122
3123
3124
3127
3128
3129
3131
3234
3235
3236
3237
3239
3240
3241
3242
3245
3299
3303
3304
3305
3306
3307
3308
3309
3310
3325
3326
3327
3330
3331
3332
3335
3336
3352
3360
3362
3364
3365
3366
3369
3370
3371
3373
3387
3416
3417
3418
3421
3422
3423
3425
3426
3512
3512
3516
3519
3520
3522
3522
3523
3525
3526
3527
3529
3544
3622
3623
3624
3625
3625
3627
3627
3628
3630
3669
3670
3671
3672
3674
3675
3692
3692
3694
3695
3697
3697
3698
3700
3701
3702
3406
3413
3414
3416
3417
3418
3420
3421
3422
3432
3432
3433
3435
3436
3452
3483
3484
3486
3487
3488
3490
3490
3490
3492
3506
3519
3520
3521
3523
3524
3525
3526
3543
3548
3550
3551
3553
3553
3553
3554
3555
3557
3575
3575
3577
3577
3579
3580
3599
3599
3599
3600
3602
3603
3604
3606
3607
3608
3623
3623
3624
3625
3626
3628
3629
3630
3632
3648
3649
3650
3650
3650
3651
3652
3654
3655
3671
3671
3672
3674
3674
3674
3676
3677
3678
3680
3696
3697
3698
3700
3701
3701
3703
3703
3704
3706
3720
3721
3723
3724
3468
3470
3471
3472
3474
3490
3491
3492
3493
3494
3495
3496
3498
3499
3500
3516
3516
3516
3517
3517
3518
3520
3521
3523
3524
3539
3539
3540
3540
3542
3543
3543
3545
3546
3554
3554
3555
3555
3556
3557
3574
3575
3577
3587
3588
3589
3589
3589
3590
3591
3597
3597
3598
3617
3617
3619
3619
3621
3622
3623
3625
3626
3627
3629
3648
3648
3650
3651
3652
3653
3655
3656
3656
3658
3659
3675
3676
3677
3679
3679
3680
3682
3683
3684
3685
3702
3702
3703
3704
3706
3707
3708
3709
3709
3709
3724
3724
3724
3724
3724
3504
3505
3507
3508
3523
3523
3524
3524
3524
3524
3525
3525
3526
3544
3544
3545
3546
3546
3548
3549
3550
3552
3553
3633
3633
3633
3633
3633
3634
3635
3635
3650
3651
3653
3654
3656
3657
3658
3668
3672
3711
3712
3715
3715
3715
3716
3716
3717
3719
3720
3756
3756
3758
3759
3760
3761
3762
3763
3765
3781
3803
3804
3806
3807
3808
3810
3811
3812
3814
3836
3837
3838
3840
3841
3842
3844
3845
3846
3848
3908
3909
3911
3912
3914
3915
3916
3918
3939
3939
3943
3947
3970
3971
3972
3974
3974
3974
3974
3975
3990
3712
3713
3715
3716
3717
3719
3720
3721
3739
3739
3740
3741
3742
3743
3745
3746
3747
3749
3764
3764
3764
3765
3767
3768
3769
3771
3772
3790
3791
3791
3793
3794
3795
3796
3797
3798
3798
3815
3816
3816
3818
3818
3820
3821
3822
3824
3825
3843
3844
3845
3846
3848
3849
3850
3851
3852
3853
3871
3891
3892
3894
3895
3897
3898
3899
3901
3902
3919
3920
3921
3922
3924
3925
3926
3928
3929
3930
3984
3985
3987
3988
3989
3991
3992
3992
3994
3995
4011
4012
4013
4014
4016
4016
4017
4019
4020
4020
4054
4054
4055
3810
3811
3812
3813
3815
3816
3832
3833
3835
3836
3838
3839
3840
3842
3843
3844
3857
3858
3860
3861
3862
3863
3864
3864
3901
3902
3904
3905
3906
3908
3909
3910
3927
3927
3928
3929
3930
3932
3933
3934
3936
3936
3950
3951
3952
3953
3954
3954
3954
3954
3970
3970
3970
3970
3970
3971
3973
3974
3975
3976
3991
3991
3993
3993
3995
3996
3996
3996
4011
4011
4012
4013
4015
4016
4017
4019
4020
4035
4036
4037
4038
4039
4040
4041
4042
4043
4059
4060
4061
4062
4063
4063
4064
4065
4066
4080
4080
4081
4081
4082
3830
3831
3831
3832
3837
3853
3854
3855
3856
3858
3859
3860
3862
3863
3864
3865
3878
3878
3878
3879
3880
3880
3881
3882
3900
3900
3901
3902
3903
3903
3905
3905
3906
3908
3923
3923
3925
3926
3927
3929
3930
3931
3933
3939
3939
3941
3956
3956
3957
3958
3959
3960
3961
3963
3963
3975
3976
3978
3979
3980
3982
3983
3996
3996
3997
3998
3999
4000
4002
4003
4020
4020
4022
4023
4024
4025
4026
4027
4028
4029
4029
4047
4047
4047
4049
4050
4051
4053
4053
4054
4056
4057
4061
4061
4078
4079
4080
4081
4081
4081
3838
3839
3839
3853
3853
3854
3856
3857
3859
3860
3861
3863
3865
3865
3865
3866
3868
3869
3870
3872
3873
3874
3876
3877
3878
3880
3882
3883
3884
3886
3887
3887
3888
3889
3889
3889
3890
3891
3891
3891
3891
3892
3892
3893
3894
3894
3895
3895
3895
3896
3897
3898
3898
3899
3899
3899
3899
3900
3900
3901
3902
3903
3904
3905
3907
3907
3908
3909
3910
3911
3912
3912
3914
3915
3916
3917
3917
3918
3920
3921
3922
3923
3924
3925
3927
3928
3929
3931
3931
3932
3933
3934
3936
3937
3939
3940
3941
3943
3945
3946
3774
3775
3777
3778
3779
3781
3782
3783
3785
3786
3787
3789
3790
3791
3793
3794
3795
3797
3798
3799
3801
3802
3804
3805
3805
3807
3808
3809
3811
3812
3813
3815
3816
3817
3819
3820
3821
3823
3824
3825
3827
3828
3829
3831
3832
3833
3835
3837
3838
3839
3841
3842
3843
3845
3846
3848
3849
3849
3849
3849
3849
3849
3849
3849
3849
3849
3850
3851
3853
3854
3855
3857
3858
3859
3860
3860
3860
3861
3862
3862
3862
3862
3862
3862
3864
3864
3865
3867
3868
3870
3871
3873
3874
3874
3876
3877
3878
3879
3880
3881
3755
3756
3757
3757
3758
3759
3760
3761
3762
3762
3764
3765
3767
3768
3769
3770
3771
3773
3774
3777
3778
3779
3781
3782
3783
3785
3786
3787
3789
3790
3791
3793
3794
3795
3797
3798
3799
3801
3802
3803
3805
3806
3807
3809
3810
3812
3813
3814
3816
3817
3818
3820
3821
3822
3823
3824
3825
3826
3827
3828
3829
3831
3832
3833
3835
3836
3838
3839
3840
3842
3843
3844
3846
3847
3848
3850
3851
3852
3854
3854
3854
3854
3854
3856
3857
3858
3860
3861
3862
3863
3868
3874
3878
3878
3879
3881
3882
3883
3885
3887
3750
3751
3753
3754
3756
3757
3758
3760
3761
3762
3764
3765
3766
3768
3769
3770
3772
3773
3774
3776
3777
3778
3780
3781
3782
3784
3785
3786
3788
3789
3790
3792
3793
3794
3796
3797
3798
3800
3801
3802
3804
3805
3806
3808
3809
3811
3812
3813
3815
3816
3817
3819
3820
3821
3823
3824
3825
3827
3828
3829
3831
3832
3834
3835
3836
3838
3838
3840
3841
3842
3843
3844
3845
3846
3847
3849
3850
3851
3852
3854
3855
3856
3858
3858
3860
3861
3861
3863
3864
3865
3867
3868
3869
3871
3872
3873
3875
3876
3877
3879
3757
3758
3759
3761
3762
3763
3765
3766
3767
3769
3770
3771
3773
3774
3776
3777
3778
3780
3781
3782
3782
3782
3782
3782
3782
3782
3782
3782
3782
3782
3782
3782
3782
3782
3782
3782
3782
3782
3782
3782
3782
3782
3782
3782
3782
3782
3782
3782
3782
3782
3782
3782
3782
3782
3782
3782
3782
3782
3782
3782
3782
3782
