0
0
0
0
0
0
0
0
0
0
0
0
0
0
0
0
0
0
111
127
131
133
136
139
142
145
148
151
193
196
203
206
209
212
216
219
222
241
242
245
248
251
255
258
260
264
267
298
305
309
312
316
319
321
323
324
370
375
376
380
382
385
387
390
393
399
458
467
470
473
476
478
482
485
488
492
494
590
593
596
599
603
606
610
620
623
701
701
711
715
719
723
725
728
732
734
738
807
809
812
815
818
821
824
827
830
887
887
891
896
899
903
907
909
914
917
921
968
970
976
980
987
1011
1012
1015
1016
1019
1023
1026
1029
1033
1035
1121
1124
1125
1127
1130
1133
1135
1138
1141
1145
1231
1240
1243
1252
1254
1257
1260
1263
1266
1270
1273
1307
1309
1312
1315
1318
1321
1324
1327
1356
1356
1359
1362
1365
1368
1370
1372
1375
1378
1461
1463
1466
1468
1471
1472
1475
1478
1481
1484
1486
1504
1505
1507
1508
1511
1514
1516
1518
1521
1523
1540
1541
1544
1546
1548
1550
1553
1556
1559
1595
1597
1600
1603
1606
1609
1612
1615
1632
1632
1635
1638
1641
1644
1646
1649
1651
1654
1657
1672
1673
1677
1680
1681
1685
1688
1692
1695
1714
1715
1718
1719
1721
1725
1728
1731
1734
1737
1740
1760
1760
1763
1766
1769
1770
1774
1776
1780
1783
1785
1846
1847
1850
1851
1853
1855
1858
1860
1863
1866
1885
1886
1887
1889
1891
1893
1894
1896
1899
1902
1904
1925
1926
1928
1929
1933
1936
1940
1943
1947
1985
1987
1991
1994
1997
2000
2003
2007
2010
2013
2050
2060
2063
2066
2068
2078
2081
2083
2088
2127
2129
2133
2134
2138
2141
2147
2151
2155
2158
2224
2225
2229
2232
2235
2238
2241
2244
2247
2305
2306
2310
2313
2317
2320
2323
2326
2330
2333
2378
2380
2383
2387
2389
2393
2397
2401
2410
2417
2477
2482
2484
2487
2490
2493
2496
2498
2501
2505
2615
2616
2620
2623
2627
2630
2633
2636
2639
2643
2729
2730
2734
2736
2739
2742
2745
2747
2750
2753
2756
2793
2795
2799
2803
2805
2808
2812
2815
2818
2854
2855
2859
2861
2865
2868
2872
2875
2878
2882
2910
2911
2915
2918
2921
2924
2927
2931
2934
2936
2956
2956
2960
2963
2964
2968
2971
2974
2976
2979
2996
2997
3000
3003
3006
3009
3012
3016
3020
3022
3041
3042
3046
3050
3053
3056
3060
3063
3065
3069
3088
3089
3090
3092
3094
3096
3099
3102
3105
3109
3127
3128
3131
3135
3138
3140
3143
3146
3149
3152
3163
3165
3168
3171
3173
3177
3180
3183
3200
3201
3204
3207
3210
3213
3216
3219
3221
3224
3258
3260
3263
3267
3270
3271
3275
3278
3281
3298
3299
3303
3306
3308
3312
3314
3317
3319
3320
3340
3341
3343
3346
3348
3351
3354
3357
3360
3363
3366
3394
3394
3398
3401
3404
3407
3410
3413
3416
3419
3440
3441
3445
3448
3451
3454
3456
3459
3463
3466
3468
3472
3489
3491
3494
3497
3499
3501
3503
3506
3522
3524
3527
3530
3532
3535
3539
3541
3544
3548
3564
3565
3569
3571
3574
3577
3580
3583
3585
3602
3602
3606
3609
3612
3615
3618
3620
3624
3641
3641
3645
3648
3651
3653
3656
3660
3662
3665
3685
3686
3688
3692
3695
3698
3701
3704
3706
3709
3711
3742
3744
3748
3751
3754
3757
3760
3763
3766
3769
3787
3788
3790
3794
3796
3799
3803
3805
3808
3812
3830
3832
3836
3838
3840
3844
3847
3850
3853
3855
3874
3876
3879
3881
3883
3885
3888
3890
3892
3896
3899
3901
3920
3922
3925
3929
3931
3934
3937
3939
3941
3944
3947
3963
3964
3966
3970
3971
3975
3978
3981
3984
3999
4000
4003
4005
4007
4010
4012
4014
4018
4035
4036
4040
4043
4046
4048
4051
4054
4056
4059
4078
4078
4082
4085
4088
4090
4093
4096
4099
4102
4119
4120
4122
4124
4126
4128
4130
4131
4133
4135
4139
4154
4155
4159
4162
4164
4165
4167
4170
4173
4191
4192
4196
4199
4201
4204
4207
4211
4213
4216
4234
4236
4238
4241
4244
4246
4249
4252
4254
4257
4275
4276
4280
4282
4284
4288
4291
4294
4295
4299
4301
4312
4312
4315
4317
4320
4323
4341
4342
4346
4349
4352
4355
4356
4360
4363
4365
4384
4384
4387
4390
4393
4397
4399
4401
4404
4406
4410
4427
4428
4430
4433
4436
4439
4442
4446
4448
4451
4471
4473
4476
4478
4482
4484
4488
4491
4494
4496
4514
4516
4517
4520
4523
4526
4529
4531
4535
4538
4557
4558
4561
4563
4566
4568
4572
4575
4578
4580
4583
4612
4613
4616
4620
4622
4625
4628
4631
4648
4649
4653
4656
4659
4662
4665
4668
4672
4674
4691
4693
4696
4698
4702
4703
4705
4709
4712
4713
4733
4733
4737
4739
4741
4744
4747
4750
4753
4755
4771
4771
4774
4778
4779
4782
4785
4788
4791
4807
4808
4812
4814
4817
4820
4823
4825
4828
4830
4844
4844
4847
4850
4853
4854
4858
4876
4877
4879
4882
4884
4887
4890
4894
4896
4898
4916
4917
4919
4923
4925
4928
4931
4933
4936
4939
4955
4957
4959
4962
4964
4966
4968
4972
4975
4991
4991
4994
4997
4999
5001
5003
5005
5007
5024
5025
5029
5032
5034
5038
5041
5044
5048
5050
5064
5065
5067
5070
5073
5074
5077
5098
5099
5100
5102
5105
5108
5110
5111
5114
5117
5120
5123
5140
5141
5143
5147
5149
5152
5154
5155
5158
5161
5178
5179
5183
5186
5188
5191
5193
5195
5198
5200
5221
5221
5223
5225
5227
5229
5230
5232
5236
5238
5240
5257
5257
5259
5262
5264
5266
5270
5273
5275
5278
5297
5299
5301
5305
5308
5311
5315
5318
5319
5322
5325
5345
5346
5349
5352
5355
5358
5359
5362
5364
5367
5370
5387
5388
5390
5393
5395
5398
5401
5402
5405
5407
5420
5422
5425
5427
5430
5432
5434
5452
5452
5455
5458
5460
5462
5465
5467
5469
5481
5481
5483
5485
5487
5490
5509
5510
5512
5513
5516
5519
5521
5524
5525
5528
5532
5547
5549
5552
5553
5555
5558
5561
5564
5568
5586
5588
5590
5592
5595
5597
5599
5600
5602
5605
5607
5624
5624
5627
5630
5633
5635
5637
5639
5642
5646
5649
5668
5669
5673
5676
5679
5682
5683
5685
5687
5689
5690
5707
5707
5711
5715
5718
5720
5724
5727
5729
5733
5749
5750
5752
5755
5757
5760
5763
5766
5769
5788
5790
5794
5797
5800
5802
5805
5808
5811
5812
5816
5818
5829
5831
5833
5836
5839
5841
5860
5860
5864
5867
5869
5871
5873
5875
5877
5879
5894
5895
5897
5900
5902
5904
5907
5908
5911
5932
5932
5936
5939
5941
5945
5948
5950
5953
5954
5957
5961
5979
5981
5985
5987
5990
5993
5996
5998
6001
6003
6005
6025
6026
6029
6031
6034
6035
6038
6041
6044
6047
6048
6066
6068
6070
6072
6073
6075
6077
6079
6080
6082
6100
6100
6103
6105
6108
6111
6113
6115
6116
6119
6138
6139
6142
6145
6147
6148
6151
6153
6156
6157
6159
6176
6178
6181
6183
6185
6187
6189
6192
6195
6198
6216
6218
6222
6224
6227
6229
6231
6234
6236
6239
6242
6260
6260
6264
6267
6269
6271
6274
6277
6280
6282
6297
6297
6300
6302
6305
6307
6310
6313
6315
6317
6337
6338
6340
6342
6344
6345
6348
6350
6353
6357
6374
6375
6376
6378
6381
6384
6387
6389
6392
6394
6397
6415
6415
6418
6420
6422
6426
6427
6429
6433
6435
6451
6453
6454
6457
6459
6461
6463
6465
6466
6468
6484
6486
6488
6491
6494
6496
6498
6500
6501
6518
6520
6522
6525
6526
6528
6530
6533
6535
6551
6552
6555
6557
6560
6563
6567
6568
6571
6573
6591
6593
6595
6596
6598
6601
6604
6606
6609
6612
6628
6629
6631
6634
6638
6640
6642
6645
6648
6663
6663
6665
6667
6668
6671
6673
6676
6679
6694
6695
6699
6701
6703
6705
6707
6709
6719
6719
6722
6725
6726
6743
6743
6746
6749
6752
6754
6755
6758
6760
6762
6765
6783
6785
6788
6789
6791
6793
6796
6798
6802
6805
6821
6822
6825
6828
6829
6831
6833
6835
6838
6840
6904
6905
6907
6909
6912
6914
6916
6918
6920
6923
6940
6940
6943
6946
6950
6952
6954
6958
6961
6964
6980
6981
6985
6986
6989
6993
6996
6999
7024
7025
7027
7030
7032
7035
7039
7061
7061
7065
7068
7093
7096
7098
7102
7104
7107
7146
7148
7151
7155
7157
7160
7164
7167
7170
7174
7191
7193
7196
7199
7202
7205
7207
7209
7210
7212
7229
7230
7233
7236
7240
7243
7245
7249
7252
7269
7269
7271
7273
7276
7277
7280
7283
7285
7302
7303
7304
7306
7308
7310
7312
7314
7316
7318
7336
7337
7340
7342
7344
7348
7350
7351
7355
7357
7359
7378
7378
7381
7384
7386
7389
7390
7392
7395
7413
7414
7416
7420
7422
7424
7425
7428
7431
7433
7435
7451
7453
7455
7457
7460
7463
7467
7468
7470
7488
7488
7491
7493
7495
7496
7498
7500
7502
7504
7520
7521
7523
7525
7527
7528
7530
7533
7537
7555
7556
7558
7560
7561
7563
7565
7567
7569
7570
7587
7588
7589
7592
7596
7598
7600
7602
7603
7605
7620
7620
7623
7626
7629
7632
7635
7637
7711
7712
7715
7718
7720
7723
7726
7729
7731
7734
7752
7753
7754
7757
7760
7764
7767
7769
7771
7774
7776
7810
7811
7813
7815
7818
7821
7824
7826
7828
7865
7867
7870
7873
7876
7880
7883
7886
7889
7983
7989
7992
7995
7998
8002
8004
8007
8012
8015
8018
8084
8091
8101
8104
8106
8109
8113
8116
8118
8125
8127
8241
8250
8263
8266
8268
8274
8276
8279
8283
8286
8357
8359
8362
8366
8369
8373
8377
8380
8384
8388
8498
8509
8510
8513
8516
8522
8524
8530
8534
8537
8541
8641
8651
8654
8656
8660
8663
8667
8671
8673
8700
8702
8706
8708
8711
8715
8718
8721
8723
8727
8730
8815
8816
8820
8822
8825
8828
8831
8835
8838
8839
8882
8883
8886
8888
8891
8894
8897
8900
8903
8906
8909
8913
8921
8921
8925
8928
8930
8934
8937
8940
8943
8944
8947
8951
8955
8959
8962
8964
8968
8971
8974
8978
8981
8984
8986
8988
8990
8993
8996
8999
9002
9005
9009
9012
9015
9018
9021
9024
9028
9031
9032
9036
9039
9041
9044
9046
9049
9053
9056
9059
9063
9065
9068
9072
9075
9078
9082
9084
9087
9091
9094
9097
9101
9104
9106
9110
9113
9116
9119
9121
9124
9127
9129
9133
9136
9137
9140
9142
9144
9146
9149
9153
9156
9157
9161
9165
9168
9172
9174
9175
9177
9180
9183
9185
9188
9190
9194
9197
9200
9204
9207
9210
9212
9215
9219
9222
9225
9227
9228
9228
9228
9228
9228
9228
9228
9228
9228
9228
9228
9228
9228
9228
9228
9228
9228
9228
9228
9228
9228
9228
9228
9228
