0
0
0
0
0
0
0
0
0
0
0
0
0
0
0
0
0
0
0
0
0
0
0
100
115
119
123
125
128
131
134
138
141
180
187
191
194
197
200
203
206
208
245
250
252
255
259
262
265
269
270
287
289
291
295
298
302
304
306
308
340
346
350
354
357
360
362
364
367
372
402
404
409
415
419
424
425
429
432
435
439
547
552
557
560
563
567
570
574
576
579
581
584
674
684
688
692
695
700
704
707
709
711
712
715
718
786
788
790
796
799
802
806
810
813
853
854
857
859
862
865
869
872
875
878
943
944
947
950
953
957
966
969
974
978
981
1001
1003
1004
1008
1011
1014
1017
1019
1023
1025
1028
1032
1040
1040
1043
1046
1064
1066
1069
1073
1075
1078
1082
1085
1088
1109
1110
1113
1117
1118
1120
1122
1125
1128
1130
1132
1146
1146
1150
1152
1154
1156
1158
1159
1178
1178
1180
1182
1184
1185
1188
1191
1195
1198
1255
1257
1259
1262
1266
1269
1272
1276
1278
1281
1349
1349
1353
1356
1359
1363
1365
1368
1372
1458
1459
1462
1466
1469
1471
1475
1478
1481
1484
1487
1490
1573
1575
1579
1582
1585
1588
1591
1595
1598
1601
1604
1651
1652
1656
1660
1663
1688
1690
1693
1695
1699
1702
1705
1708
1711
1714
1748
1749
1753
1756
1758
1762
1765
1768
1772
1775
1801
1803
1805
1808
1811
1814
1817
1820
1823
1842
1843
1847
1850
1853
1856
1859
1863
1866
1886
1886
1889
1892
1895
1898
1901
1904
1905
1909
1912
1937
1938
1941
1944
1947
1950
1953
1956
1959
1997
1997
2000
2002
2005
2009
2011
2029
2030
2033
2035
2038
2042
2045
2047
2051
2068
2068
2072
2075
2079
2081
2084
2088
2091
2094
2130
2131
2133
2134
2138
2140
2143
2145
2148
2150
2153
2156
2175
2176
2179
2181
2185
2188
2191
2193
2196
2199
2202
2218
2219
2221
2222
2224
2226
2228
2230
2249
2250
2252
2254
2255
2257
2259
2261
2263
2265
2282
2283
2285
2286
2288
2290
2292
2294
2308
2309
2311
2313
2314
2317
2318
2321
2324
2327
2345
2346
2349
2351
2354
2355
2357
2360
2363
2382
2382
2385
2388
2391
2394
2396
2400
2403
2406
2410
2456
2458
2461
2463
2466
2470
2474
2478
2481
2484
2491
2494
2531
2532
2535
2538
2540
2543
2547
2550
2609
2611
2614
2617
2620
2623
2627
2631
2635
2638
2657
2658
2660
2662
2664
2666
2669
2672
2691
2693
2695
2698
2701
2704
2707
2710
2712
2715
2719
2753
2753
2757
2760
2764
2767
2771
2773
2776
2779
2782
2799
2801
2804
2808
2811
2812
2816
2819
2822
2842
2842
2844
2848
2850
2853
2857
2860
2862
2866
2869
2887
2889
2892
2895
2898
2901
2902
2905
2908
2962
2963
2965
2968
2970
2972
2975
2978
2981
2985
2988
2990
2994
3030
3030
3034
3037
3040
3045
3047
3060
3065
3067
3106
3106
3110
3112
3115
3119
3122
3125
3127
3130
3133
3137
3224
3225
3228
3231
3235
3237
3239
3241
3244
3248
3250
3309
3312
3314
3318
3321
3324
3326
3327
3331
3334
3337
3406
3408
3411
3415
3417
3420
3424
3441
3443
3445
3447
3449
3452
3454
3456
3461
3463
3481
3486
3489
3492
3495
3497
3500
3504
3505
3508
3527
3528
3530
3532
3534
3537
3539
3540
3543
3561
3562
3564
3566
3569
3572
3575
3578
3580
3598
3600
3601
3603
3605
3607
3609
3611
3612
3629
3630
3631
3633
3635
3637
3639
3641
3643
3661
3661
3665
3668
3672
3674
3677
3681
3684
3687
3689
3708
3710
3713
3716
3720
3723
3725
3729
3731
3734
3737
3748
3748
3751
3753
3756
3759
3761
3778
3778
3780
3782
3785
3787
3791
3794
3796
3799
3818
3820
3822
3825
3828
3831
3832
3836
3839
3842
3846
3866
3868
3870
3874
3877
3880
3883
3886
3890
3892
3895
3912
3913
3916
3919
3922
3925
3928
3931
3934
3937
3940
3956
3957
3959
3961
3963
3967
3970
3972
3975
3977
3995
3996
3997
3999
4001
4003
4005
4008
4011
4048
4048
4051
4053
4057
4059
4062
4065
4068
4071
4074
4104
4105
4107
4110
4113
4116
4118
4119
4122
4126
4128
4142
4142
4144
4147
4149
4151
4153
4156
4174
4176
4180
4183
4187
4190
4192
4196
4198
4201
4218
4219
4223
4226
4229
4232
4235
4238
4241
4251
4253
4255
4258
4261
4264
4283
4283
4287
4290
4293
4295
4298
4300
4303
4305
4323
4325
4327
4330
4333
4335
4338
4341
4344
4347
4350
4365
4367
4370
4372
4374
4376
4377
4380
4382
4402
4403
4405
4407
4410
4413
4414
4417
4420
4423
4425
4443
4444
4447
4450
4452
4454
4456
4459
4462
4464
4466
4478
4480
4482
4485
4489
4492
4495
4498
4518
4518
4521
4525
4528
4531
4535
4537
4539
4541
4544
4566
4566
4568
4570
4571
4573
4575
4579
4582
4584
4585
4605
4606
4607
4610
4612
4614
4616
4617
4619
4621
4638
4638
4640
4642
4644
4645
4649
4651
4653
4670
4670
4672
4674
4676
4677
4679
4681
4683
4698
4699
4701
4704
4706
4708
4710
4713
4716
4736
4736
4739
4743
4746
4747
4751
4753
4756
4759
4761
4771
4772
4774
4776
4778
4781
4785
4803
4805
4809
4811
4813
4817
4819
4822
4826
4828
4847
4848
4850
4852
4855
4858
4861
4863
4865
4867
4871
4915
4916
4918
4921
4926
4929
4932
4936
4938
5025
5027
5031
5035
5038
5041
5045
5047
5051
5080
5080
5084
5087
5091
5094
5097
5101
5104
5107
5216
5228
5235
5241
5243
5248
5259
5279
5294
5372
5381
5385
5387
5391
5394
5397
5400
5403
5406
5505
5507
5510
5514
5517
5519
5523
5526
5529
5534
5539
5543
5632
5634
5637
5641
5644
5647
5651
5653
5656
5660
5745
5748
5753
5756
5758
5762
5765
5769
5772
5775
5779
5782
5830
5832
5836
5839
5842
5850
5854
5857
5860
5902
5904
5908
5911
5914
5918
5920
5923
5926
6007
6017
6021
6023
6025
6028
6030
6033
6036
6039
6082
6085
6091
6094
6097
6100
6101
6106
6109
6112
6117
6127
6130
6167
6169
6173
6175
6178
6182
6185
6188
6191
6243
6245
6247
6250
6254
6257
6260
6263
6266
6269
6293
6293
6296
6300
6303
6305
6309
6312
6315
6319
6331
6333
6336
6339
6342
6345
6348
6350
6353
6356
6394
6396
6399
6402
6404
6407
6410
6414
6417
6420
6439
6440
6442
6444
6447
6450
6453
6455
6458
6461
6464
6481
6483
6486
6489
6492
6495
6499
6502
6504
6549
6550
6553
6557
6559
6563
6566
6568
6570
6571
6573
6589
6590
6593
6596
6598
6600
6602
6604
6625
6626
6628
6631
6634
6637
6640
6642
6643
6646
6649
6666
6667
6669
6671
6673
6676
6677
6679
6681
6684
6700
6701
6703
6706
6708
6710
6711
6713
6716
6733
6733
6735
6738
6741
6742
6744
6746
6748
6750
6769
6770
6772
6775
6778
6781
6784
6786
6789
6792
6795
6813
6815
6818
6821
6822
6825
6828
6830
6833
6836
6848
6849
6851
6854
6858
6861
6863
6883
6884
6886
6888
6891
6894
6895
6898
6902
6905
6922
6924
6927
6930
6933
6936
6940
6941
6944
6948
6958
6959
6961
6964
6982
6983
6985
6987
6989
6991
6994
6995
6999
7016
7016
7020
7022
7025
7029
7032
7034
7038
7055
7055
7059
7062
7065
7067
7070
7073
7075
7088
7088
7091
7094
7098
7099
7117
7118
7120
7124
7127
7130
7133
7135
7137
7141
7158
7158
7161
7163
7166
7168
7170
7173
7176
7178
7180
7191
7193
7197
7200
7203
7205
7207
7225
7227
7230
7232
7235
7237
7239
7242
7243
7246
7249
7265
7266
7268
7270
7272
7274
7276
7279
7282
7293
7294
7296
7299
7301
7303
7322
7324
7327
7329
7330
7333
7336
7339
7341
7360
7362
7364
7367
7370
7373
7376
7377
7381
7384
7386
7397
7397
7399
7402
7404
7407
7425
7425
7427
7429
7432
7435
7437
7441
7443
7446
7462
7463
7466
7469
7472
7473
7476
7479
7482
7497
7498
7501
7502
7505
7508
7510
7512
7515
7533
7534
7536
7538
7540
7544
7546
7549
7552
7555
7557
7574
7575
7578
7579
7582
7585
7586
7589
7592
7609
7609
7611
7612
7615
7617
7619
7623
7624
7627
7637
7639
7642
7645
7646
7663
7663
7664
7667
7671
7673
7676
7679
7680
7682
7700
7700
7703
7706
7708
7710
7713
7715
7718
7719
7721
7736
7738
7741
7743
7746
7748
7750
7753
7755
7793
7794
7795
7799
7802
7805
7808
7810
7812
7814
7832
7832
7834
7836
7837
7839
7842
7845
7848
7851
7853
7867
7869
7872
7876
7878
7881
7884
7887
7903
7904
7906
7909
7912
7916
7919
7920
7922
7924
7939
7939
7941
7944
7947
7951
7953
7956
7960
7979
7979
7983
7986
7988
7991
7993
7995
7997
7999
8002
8021
8021
8024
8027
8029
8032
8035
8037
8041
8044
8047
8064
8065
8069
8072
8076
8078
8079
8082
8085
8104
8104
8107
8110
8114
8116
8119
8122
8124
8127
8130
8148
8149
8153
8156
8158
8160
8162
8164
8166
8169
8172
8190
8191
8193
8196
8198
8200
8202
8204
8207
8224
8225
8228
8230
8231
8235
8237
8240
8242
8244
8246
8263
8265
8268
8270
8272
8275
8277
8279
8282
8284
8301
8302
8305
8308
8309
8311
8313
8316
8318
8320
8338
8338
8342
8344
8346
8350
8353
8355
8359
8362
8379
8380
8383
8387
8388
8391
8394
8396
8398
8399
8401
8422
8422
8424
8426
8428
8430
8431
8433
8436
8438
8458
8458
8461
8465
8466
8469
8471
8473
8475
8477
8481
8483
8498
8500
8503
8506
8509
8513
8515
8518
8520
8538
8539
8541
8543
8546
8547
8550
8554
8556
8559
8577
8579
8581
8583
8585
8587
8589
8590
8592
8596
8614
8615
8618
8621
8623
8625
8628
8631
8634
8635
8638
8653
8654
8657
8660
8663
8665
8666
8669
8671
8687
8688
8691
8693
8695
8697
8699
8702
8703
8719
8720
8722
8725
8727
8729
8731
8732
8735
8748
8750
8753
8757
8760
8761
8765
8783
8783
8786
8788
8791
8792
8794
8796
8798
8801
8803
8822
8822
8824
8827
8829
8831
8834
8836
8838
8840
8859
8860
8863
8866
8869
8872
8874
8877
8879
8882
8898
8900
8902
8906
8908
8911
8913
8916
8919
8938
8938
8940
8943
8945
8947
8949
8950
8952
8956
8959
8976
8978
8980
8984
8987
8990
8993
8994
8997
9000
9017
9018
9020
9023
9025
9027
9028
9031
9034
9036
9054
9054
9056
9058
9060
9062
9064
9066
9069
9070
9074
9087
9089
9091
9093
9095
9096
9098
9101
9102
9104
9107
9109
9111
9113
9116
9119
9121
9123
9125
9128
9131
9133
9135
9135
9135
9135
9135
9135
9135
9135
9135
9135
9135
9135
9135
9135
9135
9135
9135
9135
9135
9135
9135
9135
9135
9135
9135
9135
9135
9135
9135
9135
9135
9135
9135
