6578
6632
6634
6643
6651
6660
6664
6668
6671
6674
6677
6680
6683
6687
6690
6693
6695
6697
6700
5877
5879
5880
5882
5883
5884
5886
5887
5889
5890
5890
5892
5893
5893
5893
5894
5895
5895
5896
5898
5899
5900
5902
5903
5904
5906
5907
5909
5910
5912
5913
5914
5916
5917
5919
5920
5921
5923
5924
5926
5927
5929
5930
5931
5933
5934
5935
5937
5938
5939
5941
5942
5943
5945
5946
5947
5947
5947
5947
5947
5948
5949
5952
5953
5965
5980
5981
5982
5983
5984
5986
6004
6058
6062
6063
6064
6065
6065
6066
6068
6100
6141
6142
6144
6145
6146
6149
6150
6152
6153
6170
6218
6219
6220
6221
6221
6222
6223
6223
6223
5724
5725
5726
5728
5729
5731
5731
5731
5731
5733
5746
5827
5828
5829
5830
5831
5832
5834
5835
5852
5874
5875
5876
5878
5879
5880
5882
5883
5884
5886
5903
5940
5942
5942
5943
5945
5946
5947
5948
5948
5961
5966
5967
5970
5975
5976
5977
5979
5994
5994
5996
5997
5998
6000
6001
6003
6004
6020
6039
6040
6042
6043
6044
6046
6047
6048
6063
6064
6065
6067
6068
6069
6071
6072
6073
6108
6108
6108
6108
6110
6111
6113
6114
6114
6116
6117
6118
6120
6121
6122
6124
6125
6126
6128
6129
6130
6132
6133
6135
6136
5730
5732
5733
5734
5736
5737
5738
6614
6617
6619
6621
6623
6624
6626
6627
6628
6630
6631
6632
6634
6635
6636
6638
6639
6640
6642
6643
6644
6646
6647
6648
6650
6651
6653
6654
6656
6657
6528
6530
6530
6531
6533
6534
6535
6537
6538
6539
6541
6542
6543
6545
6546
6547
6549
6550
6551
6553
6554
6555
6557
6558
6560
6561
6561
6562
6563
6564
6565
6567
6568
6569
6571
6572
6574
6574
6574
6575
6575
6575
6576
6577
6578
6580
6581
6582
6584
6585
6586
6587
6295
6295
6295
6296
6296
6296
6297
6297
6297
6297
5850
5850
5850
5851
5852
5854
5854
5854
5854
5855
5856
5858
5859
5860
5862
5863
5865
5866
5867
5867
5868
5870
5871
5872
5874
5875
5876
5878
5878
5878
5878
5878
5878
5878
5878
5878
5878
5878
5878
5878
5878
5878
5878
5878
5878
5878
5878
5878
5878
5878
5878
5878
