2686
2825
2830
2834
2837
2841
2844
2848
2851
2854
2856
2859
2863
2866
2870
2874
2875
2879
2882
2885
2888
2891
2894
2897
2898
2902
2905
2908
2912
2915
3216
3217
3218
3220
3221
3222
3224
3225
3226
3228
3228
3229
3232
3232
3232
3233
3234
3235
3237
3238
3240
3241
3243
3244
3245
3247
3248
3249
3251
3252
3253
3255
3257
3259
3260
3261
3263
3264
3265
3282
3323
3324
3326
3327
3330
3331
3009
3024
3051
3052
3054
3055
3057
3058
3058
3059
3074
3085
3086
3087
3088
3089
3089
3090
3091
3092
3102
3129
3130
3132
3133
3135
3150
3180
3182
3183
3184
3186
3187
3188
3190
3191
3207
3215
3216
3217
3218
3219
3221
3222
3223
3225
3241
3363
3365
3366
3366
3368
3369
3370
3372
3391
3417
3417
3418
3420
3421
3424
3425
3426
3428
3429
3446
3536
3539
3540
3542
3543
3544
3546
3547
3548
3566
3601
3603
3607
3608
3610
3611
3613
3614
3615
3631
3631
3633
3634
3635
3637
3638
3640
3641
3659
3677
3678
3678
3344
3346
3347
3349
3350
3351
3372
3372
3374
3376
3386
3387
3390
3391
3393
3394
3412
3447
3449
3450
3454
3455
3464
3468
3469
3470
3472
3487
3517
3518
3520
3521
3522
3524
3525
3526
3541
3602
3603
3605
3606
3607
3608
3610
3617
3635
3685
3691
3692
3693
3695
3697
3699
3701
3719
3771
3774
3775
3778
3779
3781
3783
3784
3787
3788
3805
3928
3929
3931
3932
3933
3938
3939
3947
3963
4059
4062
4065
4066
4067
4070
4072
4075
4078
4101
4252
4255
4257
4258
4259
4261
4263
4266
4268
4270
4291
4373
4375
4385
4023
4025
4028
4029
4030
4047
4131
4134
4136
4137
4138
4141
4142
4143
4160
4248
4249
4251
4252
4254
4255
4257
4259
4260
4275
4294
4295
4297
4298
4299
4300
4301
4303
4321
4325
4327
4328
4329
4331
4332
4333
4334
4335
4336
4355
4395
4397
4401
4402
4403
4405
4406
4407
4409
4425
4483
4486
4490
4491
4493
4494
4495
4497
4498
4516
4518
4519
4520
4523
4524
4526
4530
4537
4559
4627
4628
4630
4635
4636
4638
4640
4642
4643
4645
4661
4714
4716
4718
4719
4721
4723
4724
4726
4727
4744
4790
4791
4793
4794
4448
4450
4451
4452
4467
4568
4570
4572
4574
4575
4577
4578
4594
4623
4626
4629
4630
4631
4632
4633
4634
4650
4685
4689
4690
4692
4693
4694
4696
4697
4698
4775
4776
4777
4779
4780
4781
4783
4784
4785
4787
4803
4837
4839
4840
4841
4843
4844
4845
4847
4862
4909
4911
4912
4914
4915
4917
4918
4920
4921
4924
4940
5018
5020
5023
5025
5028
5029
5030
5032
5033
5048
5080
5082
5083
5087
5095
5097
5103
5108
5124
5192
5194
5196
5197
5199
5200
5202
5203
5204
5206
5222
5304
5306
5307
5308
5310
5311
5312
4999
5016
5039
5040
5042
5043
5044
5046
5047
5048
5050
5067
5121
5122
5124
5125
5127
5128
5130
5131
5133
5151
5195
5197
5198
5200
5202
5203
5204
5206
5207
5208
5296
5297
5298
5300
5301
5303
5304
5305
5307
5324
5325
5326
5328
5329
5331
5332
5333
5335
5337
5361
5417
5419
5421
5422
5424
5426
5427
5428
5430
5448
5517
5518
5519
5521
5522
5523
5525
5526
5527
5529
5530
5531
5546
5690
5691
5693
5694
5694
5696
5697
5698
5700
5716
5752
5754
5755
5757
5758
5759
5761
5762
5779
5784
5785
5786
5788
5789
5436
5438
5439
5440
5458
5532
5533
5535
5536
5537
5539
5540
5541
5543
5562
5582
5583
5585
5586
5588
5588
5590
5591
5592
5594
5611
5612
5613
5614
5616
5617
5618
5620
5620
5621
5623
5641
5696
5698
5699
5700
5702
5704
5705
5708
5709
5711
5719
5753
5754
5755
5757
5773
5777
5778
5780
5781
5782
5783
5784
5785
5787
5824
5825
5827
5828
5830
5831
5832
5834
5835
5850
5851
5852
5853
5855
5856
5857
5859
5872
5872
5874
5875
5877
5878
5879
5881
5898
5898
5899
5900
5901
5902
5902
5902
5902
5916
5916
5916
5632
5634
5634
5634
5634
5650
5652
5653
5653
5655
5656
5657
5659
5660
5660
5674
5675
5676
5678
5679
5680
5680
5680
5680
5695
5733
5733
5735
5736
5737
5738
5739
5741
5757
5763
5764
5766
5767
5769
5770
5771
5773
5774
5775
5789
5819
5821
5822
5823
5825
5826
5827
5829
5840
5866
5868
5870
5871
5873
5917
5918
5919
5920
5921
5922
5924
5925
5941
5942
5943
5945
5946
5947
5950
5951
5952
5970
5989
5991
5993
5994
5996
5998
5999
6002
6003
6021
6023
6024
6026
6028
6029
6031
6033
6034
6035
6050
6102
6104
5846
5848
5848
5849
5851
5916
5917
5920
5921
5922
5924
5925
5926
5928
5929
6046
6047
6048
6050
6051
6052
6054
6055
6056
6070
6117
6117
6118
6120
6121
6122
6124
6129
6132
6145
6189
6191
6192
6195
6196
6197
6199
6201
6221
6265
6265
6267
6268
6269
6271
6272
6273
6291
6291
6293
6295
6296
6297
6300
6301
6302
6304
6322
6326
6329
6330
6331
6334
6335
6337
6338
6354
6398
6401
6403
6404
6405
6407
6408
6409
6411
6428
6483
6485
6486
6487
6489
6489
6490
6492
6493
6510
6542
6543
6546
6550
6551
6553
6554
6270
6358
6359
6361
6362
6365
6366
6367
6370
6385
6448
6448
6451
6453
6454
6455
6458
6459
6476
6498
6499
6501
6503
6504
6506
6506
6507
6508
6526
6579
6580
6580
6583
6584
6585
6596
6600
6601
6617
6618
6620
6621
6623
6624
6627
6628
6628
6644
6685
6686
6688
6689
6690
6692
6693
6694
6710
6772
6774
6777
6778
6781
6782
6795
6796
6814
6865
6866
6868
6869
6870
6872
6873
6897
6952
6953
6955
6956
6957
6959
6966
6967
6983
7054
7055
7057
7058
7059
7061
7062
7063
7081
7104
7106
7107
7109
7110
7111
7113
6774
6792
6799
6804
6808
6809
6811
6813
6819
6820
6821
6839
6897
6901
6903
6904
6907
6912
6914
6916
6937
6989
6991
6992
6993
6995
6996
6997
6999
7000
7013
7084
7085
7086
7088
7090
7092
7093
7094
7096
7106
7107
7108
7110
7111
7112
7132
7151
7152
7154
7155
7156
7158
7159
7160
7162
7177
7201
7202
7205
7206
7209
7212
7214
7219
7222
7247
7309
7311
7312
7315
7316
7318
7325
7329
7333
7351
7399
7400
7402
7406
7407
7410
7414
7421
7424
7434
7481
7483
7485
7487
7511
7565
7570
7571
7572
7581
7582
7583
7240
7257
7259
7260
7262
7263
7264
7269
7275
7277
7295
7431
7433
7434
7436
7437
7438
7444
7448
7450
7466
7512
7515
7516
7517
7519
7519
7520
7522
7523
7539
7617
7618
7620
7621
7622
7624
7626
7627
7647
7730
7740
7741
7744
7745
7746
7748
7749
7750
7768
7815
7815
7816
7817
7819
7820
7820
7821
7823
7836
7908
7909
7911
7912
7913
7915
7916
7917
7919
7937
7939
7940
7940
7941
7942
7943
7945
7946
7947
7964
8023
8025
8026
8027
8029
8030
8031
8032
8033
8048
8083
8084
8086
8087
8089
8090
8091
8094
8137
7747
7748
7750
7751
7753
7754
7755
7757
7758
7759
7761
7762
7764
7765
7767
7768
7769
7771
7772
7772
7774
7774
7774
7776
7777
7779
7781
7782
7783
7785
7786
7788
7789
7790
7792
7793
7794
7796
7797
7798
7801
7802
7803
7804
7806
7807
7808
7810
7811
7812
7814
7815
7817
7818
7819
7821
7822
7824
7825
7827
7828
7830
7831
7832
7834
7835
7837
7838
7839
7840
7841
7841
7841
7841
7841
7841
7841
7842
7842
7843
7844
7845
7846
7848
7849
7850
7850
7850
7852
7853
7854
7856
7857
7859
7861
7862
7864
7865
7866
7664
7664
7666
7667
7668
7670
7671
7672
7674
7675
7676
7678
7681
7682
7684
7685
7686
7687
7688
7689
7690
7691
7693
7694
7695
7697
7698
7699
7701
7702
7703
7705
7706
7708
7709
7710
7712
7713
7715
7716
7717
7719
7720
7721
7722
7724
7725
7726
7726
7726
7726
7728
7729
7730
7732
7733
7734
7734
7734
7735
7736
7737
7738
7739
7739
7741
7742
7743
7745
7746
7747
7748
7749
7750
7752
7753
7754
7756
7757
7758
7760
7761
7763
7764
7765
7767
7768
7769
7769
7770
7772
7773
7774
7776
7777
7778
7780
7781
7782
7632
7634
7635
7636
7637
7638
7639
7641
7642
7643
7644
7645
7646
7646
7646
7647
7647
7647
7647
7649
7650
7651
7653
7654
7655
7657
7658
7660
7661
7662
7664
7665
7667
7668
7670
7671
7672
7674
7675
7676
7678
7679
7680
7682
7684
7685
7687
7688
7689
7691
7692
7694
7695
7696
7698
7699
7701
7702
7703
7706
7707
7709
7711
7712
7713
7715
7716
7717
7719
7720
7721
7723
7724
7725
7727
7729
7730
7731
7733
7734
7735
7737
7738
7740
7741
7742
7743
7744
7745
7747
7748
7749
7751
7752
7753
7755
7756
7758
7759
7638
7640
7641
7641
7643
7644
7645
7647
7648
7649
7651
7652
7653
7655
7656
7657
7659
7660
7661
7663
7664
7665
7667
7668
7668
7669
7670
7672
7673
7674
7674
7674
7674
7674
7674
7674
7674
7674
7674
7674
7674
7674
7674
7674
7674
7674
7674
7674
7674
7674
7674
7674
7674
7674
7674
7674
7674
7674
7674
7674
7674
