29.591999 0.631120 0.000000 0.500000
63.512001 0.631120 0.000000 0.830000
87.935997 0.631120 0.000000 0.900000
88.136002 0.631120 0.000000 1.490000
93.288002 0.631120 0.000000 1.830000
93.608002 0.631120 0.000000 1.900000
93.664001 0.631120 0.000000 2.500000
94.056000 0.631120 0.000000 2.830000
94.199997 0.631120 0.000000 2.910000
94.239998 0.631120 0.000000 3.490000
94.463997 0.631120 0.000000 3.830000
94.559998 0.631120 0.000000 3.900000
95.103996 0.631120 0.000000 4.500000
95.223999 0.631120 0.000000 4.830000
95.248001 0.631120 0.000000 4.910000
135.783997 0.631120 0.000000 5.490000
136.031998 0.631120 0.000000 5.820000
136.063995 0.631120 0.000000 5.890000
160.255997 0.631120 0.000000 6.510000
160.304001 0.833158 0.000000 6.820000
164.735992 0.833158 0.000000 6.900000
181.919998 1.455990 0.000000 7.500000
182.063995 1.664236 0.000000 7.820000
190.888000 1.864813 0.000000 7.900000
197.936005 2.478751 0.000000 8.490000
201.751999 2.687556 0.000000 8.830000
206.863998 2.888522 0.000000 8.910000
211.248001 2.888522 0.000000 9.510000
217.248001 3.091517 0.000000 9.820000
220.039993 3.091517 0.000000 9.910000
227.679993 3.937928 0.000000 10.510000
232.863998 4.351574 0.000000 10.820000
234.839996 4.351574 0.000000 10.900000
241.464005 4.756623 0.000000 11.510000
243.567993 5.167936 0.000000 11.840000
247.223999 5.167936 0.000000 11.890000
250.567993 5.572351 161.228439 12.510000
255.199997 5.572351 161.228439 12.840000
259.351990 5.572351 161.228439 12.890000
261.768005 5.773910 161.228439 13.510000
269.112000 6.182313 161.228439 13.840000
273.343994 6.182313 161.228439 13.880000
275.279999 6.806173 161.228439 14.520000
280.208008 7.213963 161.228439 14.830000
283.752014 7.213963 161.228439 14.900000
285.816010 7.833572 161.228439 15.500000
289.872009 8.041424 161.228439 15.830000
292.239990 8.041424 161.228439 15.890000
293.720001 8.664431 161.228439 16.490000
296.735992 9.081209 161.228439 16.840000
299.335999 9.081209 161.228439 16.910000
300.312012 9.698503 161.228439 17.510000
304.312012 10.107309 161.228439 17.840000
307.007996 10.107309 161.228439 17.889999
307.808014 10.709394 161.228439 18.500000
315.247986 10.918333 161.228439 18.830000
318.088013 11.121749 161.228439 18.910000
318.768005 11.741899 161.228439 19.500000
335.432007 11.950490 161.228439 19.840000
338.944000 11.950490 161.228439 19.910000
339.920013 12.572469 161.228439 20.500000
353.704010 12.977139 161.228439 20.820000
357.167999 12.977139 161.228439 20.900000
358.279999 13.394403 161.228439 21.490000
365.839996 13.807437 161.228439 21.840000
369.664001 13.807437 161.228439 21.889999
370.928009 14.415548 222.986420 22.520000
375.984009 14.415548 222.986420 22.840000
382.312012 14.415548 222.986420 22.910000
382.984009 14.617588 222.986420 23.490000
384.671997 14.818425 222.986420 23.820000
393.888000 15.022801 222.986420 23.910000
394.631989 15.635919 222.986420 24.520000
396.256012 15.836181 222.986420 24.820000
408.808014 16.042818 222.986420 24.920000
409.496002 16.666128 222.986420 25.520000
410.936005 16.866453 222.986420 25.840000
422.944000 16.866453 222.986420 25.900000
423.847992 17.488386 222.986420 26.520000
426.071991 17.890215 222.986420 26.820000
431.656006 17.890215 222.986420 26.910000
432.328003 18.508074 222.986420 27.510000
433.847992 18.715305 222.986420 27.840000
437.127991 18.916231 222.986420 27.920000
437.760010 19.338634 222.986420 28.510000
439.391998 19.753370 222.986420 28.840000
443.015991 19.753370 222.986420 28.889999
443.967987 20.366476 222.986420 29.510000
446.088013 20.773453 222.986420 29.850000
450.127991 20.773453 222.986420 29.900000
451.743988 21.380924 222.986420 30.500000
457.216003 21.585535 222.986420 30.840000
460.679993 21.585535 222.986420 30.889999
462.391998 22.200369 222.986420 31.490000
471.640015 22.614624 222.986420 31.830000
475.911987 22.614624 222.986420 31.920000
476.471985 22.814837 285.302734 32.490002
494.048004 22.814837 285.302734 32.840000
497.056000 22.814837 285.302734 32.919998
497.592010 23.220842 285.302734 33.500000
508.696014 23.636728 285.302734 33.849998
511.552002 23.636728 285.302734 33.900002
512.119995 24.246857 285.302734 34.520000
526.479980 24.455679 285.302734 34.830002
529.392029 24.662577 285.302734 34.910000
531.119995 25.266493 285.302734 35.490002
545.591980 25.471216 285.302734 35.840000
549.591980 25.471216 285.302734 35.919998
550.343994 26.081724 285.302734 36.520000
560.072021 26.493952 285.302734 36.830002
562.776001 26.493952 285.302734 36.919998
563.799988 27.107248 285.302734 37.500000
572.752014 27.307747 285.302734 37.840000
577.984009 27.510494 285.302734 37.889999
578.528015 27.916441 285.302734 38.520000
585.895996 28.329926 285.302734 38.820000
593.184021 28.329926 285.302734 38.889999
594.552002 28.944668 285.302734 39.529999
598.952026 29.352484 285.302734 39.849998
606.015991 29.352484 285.302734 39.889999
609.976013 29.964222 285.302734 40.500000
616.255981 30.168203 285.302734 40.840000
620.239990 30.370636 285.302734 40.919998
620.831970 30.785103 285.302734 41.520000
627.728027 31.192522 285.302734 41.830002
630.968018 31.192522 285.302734 41.910000
631.280029 31.811838 285.302734 42.500000
639.383972 32.013481 285.302734 42.830002
642.159973 32.221214 285.302734 42.919998
642.671997 32.633156 267.986084 43.520000
651.559998 32.633156 267.986084 43.830002
654.104004 32.633156 267.986084 43.910000
654.599976 32.834286 267.986084 44.509998
661.335999 33.035339 267.986084 44.840000
663.000000 33.035339 267.986084 44.889999
663.255981 33.652370 267.986084 45.480000
672.007996 34.062172 267.986084 45.840000
673.864014 34.062172 267.986084 45.930000
674.000000 34.670605 267.986084 46.520000
680.192017 34.876091 267.986084 46.820000
682.072021 35.082829 267.986084 46.910000
682.184021 35.492565 267.986084 47.509998
685.288025 35.900284 267.986084 47.849998
688.015991 35.900284 267.986084 47.889999
690.440002 36.513454 267.986084 48.509998
693.400024 36.717403 267.986084 48.860001
696.088013 36.717403 267.986084 48.900002
697.447998 37.330704 267.986084 49.500000
701.776001 37.736839 267.986084 49.849998
705.911987 37.736839 267.986084 49.889999
706.072021 38.343063 267.986084 50.509998
711.383972 38.546127 267.986084 50.830002
713.512024 38.748924 267.986084 50.889999
713.695984 39.354614 267.986084 51.529999
717.400024 39.563324 267.986084 51.830002
718.231995 39.563324 267.986084 51.919998
718.359985 39.975662 291.067993 52.520000
722.888000 40.177395 291.067993 52.849998
723.479980 40.177395 291.067993 52.889999
723.640015 40.383526 291.067993 53.500000
723.848022 40.792206 291.067993 53.889999
730.343994 40.792206 291.067993 53.889999
730.455994 41.407639 291.067993 54.520000
735.607971 41.614017 291.067993 54.820000
735.807983 41.614017 291.067993 54.900002
736.039978 42.234692 291.067993 55.529999
741.895996 42.638725 291.067993 55.820000
742.072021 42.638725 291.067993 55.910000
742.312012 43.254230 291.067993 56.500000
750.728027 43.455406 291.067993 56.849998
750.927979 43.660221 291.067993 56.889999
751.072021 44.064686 291.067993 57.509998
758.408020 44.472893 291.067993 57.840000
759.023987 44.472893 291.067993 57.889999
760.168030 45.083351 291.067993 58.529999
768.119995 45.289185 291.067993 58.830002
769.263977 45.490124 291.067993 58.919998
769.567993 46.116817 291.067993 59.520000
781.127991 46.317535 291.067993 59.820000
783.064026 46.317535 291.067993 59.900002
785.007996 46.927238 291.067993 60.520000
794.783997 47.131622 291.067993 60.820000
795.112000 47.336033 291.067993 60.900002
795.351990 47.944633 291.067993 61.500000
804.359985 48.146164 291.067993 61.860001
804.903992 48.146164 291.067993 61.900002
805.096008 48.768131 291.067993 62.509998
813.127991 49.168400 291.067993 62.849998
814.280029 49.168400 291.067993 62.900002
814.455994 49.569191 255.932083 63.490002
820.599976 49.569191 255.932083 63.840000
824.312012 49.769844 255.932083 63.930000
824.864014 49.769844 255.932083 64.489998
828.159973 49.970955 255.932083 64.910004
832.208008 49.970955 255.932083 64.910004
832.455994 50.584576 255.932083 65.510002
834.288025 50.791046 255.932083 65.849998
839.328003 50.994915 255.932083 65.900002
839.487976 51.411961 255.932083 66.489998
841.504028 51.823788 255.932083 66.849998
845.375977 51.823788 255.932083 66.889999
845.479980 52.438526 255.932083 67.489998
849.575989 52.844444 255.932083 67.830002
853.104004 52.844444 255.932083 67.919998
853.271973 53.464241 255.932083 68.529999
859.664001 53.876949 255.932083 68.849998
863.392029 53.876949 255.932083 68.900002
863.520020 54.490280 255.932083 69.529999
876.599976 54.691433 251.596481 69.830002
880.007996 54.691433 251.596481 69.919998
880.168030 54.691433 251.596481 70.500000
896.864014 54.892708 251.596481 70.849998
901.495972 54.892708 251.596481 70.889999
901.831970 55.298630 251.596481 71.489998
909.536011 55.706558 251.596481 71.830002
911.703979 55.706558 251.596481 71.919998
912.520020 56.320393 251.596481 72.519997
918.392029 56.524025 251.596481 72.830002
921.039978 56.724762 251.596481 72.919998
921.575989 57.136806 251.596481 73.500000
922.960022 57.541122 251.596481 73.839996
925.815979 57.541122 251.596481 73.930000
926.288025 58.164139 251.596481 74.519997
928.200012 58.566570 251.596481 74.910004
929.664001 58.566570 251.596481 74.910004
930.583984 58.973476 251.596481 75.500000
931.424011 59.385643 251.596481 75.849998
933.383972 59.385643 251.596481 75.889999
934.335999 59.791588 251.596481 76.510002
935.023987 60.199165 251.596481 76.849998
937.624023 60.199165 251.596481 76.919998
938.392029 60.817085 251.596481 77.489998
941.455994 61.018700 251.596481 77.839996
943.487976 61.220894 251.596481 77.930000
944.096008 61.622257 251.596481 78.500000
954.119995 62.032066 251.596481 78.820000
955.711975 62.032066 251.596481 78.900002
956.247986 62.645531 251.596481 79.500000
980.440002 62.848335 265.983734 79.849998
982.640015 62.848335 265.983734 79.889999
983.888000 62.848335 265.983734 80.500000
999.320007 63.050720 265.983734 80.839996
1002.096008 63.050720 265.983734 80.919998
1002.599976 63.456493 265.983734 81.489998
1011.711975 63.660038 265.983734 81.820000
1013.455994 63.861713 265.983734 81.910004
1013.799988 64.476585 265.983734 82.510002
1017.776001 64.685410 265.983734 82.849998
1019.528015 64.887016 265.983734 82.900002
1019.976013 65.297119 265.983734 83.500000
1020.744019 65.705879 265.983734 83.839996
1022.544006 65.705879 265.983734 83.930000
1022.640015 66.329353 265.983734 84.489998
