0
0
0
0
0
0
0
0
0
0
0
0
0
0
0
0
0
0
0
0
0
0
0
0
0
0
175
182
184
188
190
195
198
201
204
206
209
317
317
320
324
327
329
333
336
339
386
390
393
398
399
402
406
409
412
415
475
477
484
487
490
493
497
500
535
536
539
543
545
549
553
557
559
563
605
607
611
614
617
620
623
626
629
678
684
686
690
693
696
699
702
704
705
729
731
734
737
742
746
749
752
755
815
817
819
823
826
829
833
836
839
842
850
896
899
903
907
912
915
920
922
926
929
986
991
994
999
1002
1004
1008
1011
1014
1032
1035
1039
1044
1047
1049
1053
1057
1062
1137
1143
1150
1153
1156
1160
1167
1172
1176
1179
1307
1321
1331
1335
1338
1340
1344
1348
1352
1456
1457
1460
1464
1470
1474
1479
1484
1493
1495
1499
1503
1611
1621
1626
1629
1636
1656
1662
1666
1669
1785
1785
1788
1791
1795
1807
1820
1825
1828
1835
1857
1858
1860
1864
1866
1869
1872
1875
1877
1880
1884
1922
1924
1926
1928
1930
1934
1937
1941
1944
1946
2011
2013
2016
2019
2022
2025
2028
2031
2111
2116
2118
2120
2124
2127
2130
2134
2136
2161
2162
2163
2167
2169
2173
2176
2180
2257
2258
2261
2264
2266
2269
2272
2276
2279
2378
2379
2380
2383
2387
2389
2392
2398
2403
2410
2419
2474
2476
2481
2484
2490
2495
2498
2500
2505
2507
2526
2527
2531
2535
2538
2542
2545
2548
2553
2594
2596
2598
2602
2605
2607
2611
2614
2615
2622
2645
2647
2649
2652
2656
2659
2662
2666
2668
2671
2712
2714
2717
2719
2722
2725
2728
2729
2731
2768
2770
2773
2777
2780
2785
2791
2795
2800
2806
2912
2919
2921
2925
2928
2930
2934
2937
2939
2943
2946
3067
3068
3071
3074
3076
3079
3082
3086
3089
3166
3167
3170
3173
3176
3179
3180
3183
3186
3189
3192
3264
3265
3268
3270
3274
3277
3280
3284
3286
3289
3314
3316
3319
3322
3325
3328
3332
3334
3350
3351
3353
3354
3356
3358
3361
3364
3395
3395
3398
3401
3404
3407
3409
3412
3414
3416
3439
3440
3443
3446
3448
3452
3455
3458
3462
3464
3478
3480
3482
3488
3490
3494
3504
3504
3508
3511
3529
3531
3534
3537
3539
3542
3545
3547
3549
3552
3593
3594
3596
3599
3602
3604
3607
3611
3613
3633
3634
3637
3640
3643
3647
3650
3652
3656
3659
3662
3695
3696
3700
3702
3705
3709
3712
3715
3718
3730
3731
3734
3737
3740
3743
3760
3760
3764
3766
3769
3772
3774
3777
3781
3784
3787
3803
3804
3806
3809
3810
3812
3814
3816
3819
3837
3837
3839
3840
3842
3844
3846
3848
3849
3852
3855
3871
3872
3874
3876
3878
3880
3882
3885
3902
3903
3905
3907
3908
3910
3913
3915
3917
3953
3955
3957
3959
3961
3964
3966
3970
3973
3975
3979
3996
3998
4002
4005
4007
4011
4014
4017
4020
4021
4062
4064
4067
4071
4075
4077
4080
4084
4087
4090
4107
4108
4111
4114
4117
4121
4124
4127
4164
4165
4167
4170
4173
4174
4177
4179
4182
4184
4202
4203
4206
4209
4211
4214
4217
4219
4222
4243
4243
4247
4250
4254
4256
4259
4262
4265
4267
4269
4314
4316
4320
4323
4325
4328
4330
4332
4336
4339
4357
4357
4361
4364
4367
4376
4379
4381
4480
4493
4495
4499
4501
4505
4509
4511
4515
4522
4591
4607
4611
4614
4617
4620
4622
4625
4628
4631
4634
4637
4709
4709
4713
4715
4718
4720
4726
4729
4733
4759
4759
4762
4765
4767
4771
4773
4776
4780
4783
4786
4801
4803
4805
4808
4811
4814
4818
4821
4824
4894
4897
4901
4904
4907
4910
4913
4915
4918
4920
5012
5017
5020
5023
5030
5034
5038
5041
5044
5048
5126
5128
5132
5135
5138
5141
5144
5148
5153
5274
5284
5289
5292
5296
5299
5303
5306
5344
5347
5350
5354
5357
5360
5364
5367
5371
5379
5508
5512
5515
5518
5521
5524
5527
5531
5553
5554
5558
5564
5572
5575
5579
5582
5627
5629
5636
5638
5641
5642
5645
5648
5651
5654
5697
5700
5703
5706
5710
5714
5717
5722
5725
5728
5789
5795
5799
5801
5804
5808
5811
5814
5818
5820
5847
5855
5858
5860
5865
5871
5874
5876
5879
5971
5981
5984
5989
5993
5998
6002
6005
6006
6041
6043
6045
6048
6050
6054
6057
6062
6066
6068
6148
6152
6157
6160
6164
6167
6170
6173
6176
6180
6215
6216
6218
6222
6225
6229
6234
6237
6295
6331
6331
6333
6336
6339
6342
6346
6349
6352
6356
6359
6376
6377
6383
6386
6390
6393
6394
6398
6401
6455
6456
6458
6460
6464
6466
6468
6473
6476
6495
6496
6499
6503
6506
6508
6511
6520
6524
6525
6529
6592
6594
6596
6599
6603
6606
6610
6613
6614
6618
6676
6676
6680
6692
6699
6702
6705
6708
6712
6748
6748
6752
6755
6758
6761
6765
6768
6772
6781
6884
6890
6893
6898
6900
6901
6903
6905
6907
6909
6925
6927
6929
6931
6935
6940
6942
6946
6949
7006
7007
7008
7010
7013
7017
7020
7022
7026
7029
7079
7080
7082
7086
7089
7093
7095
7098
7102
7105
7147
7149
7152
7156
7158
7161
7163
7165
7167
7205
7206
7210
7214
7216
7219
7223
7226
7229
7232
7272
7274
7277
7279
7282
7285
7288
7291
7294
7296
7300
7335
7337
7339
7342
7344
7348
7350
7354
7357
7451
7451
7454
7457
7460
7462
7464
7468
7469
7505
7507
7509
7513
7516
7519
7522
7524
7527
7529
7532
7581
7583
7587
7590
7593
7596
7599
7602
7606
7609
7649
7651
7653
7657
7660
7663
7667
7670
7672
7676
7762
7762
7765
7767
7770
7774
7777
7779
7782
7810
7811
7814
7817
7820
7821
7824
7827
7830
7832
7833
7874
7875
7877
7880
7883
7885
7888
7891
7894
7895
7911
7913
7916
7920
7923
7925
7929
7931
7934
7957
7959
7961
7964
7968
7970
7972
7976
7994
7995
7998
8001
8004
8007
8009
8012
8015
8034
8034
8037
8041
8043
8046
8050
8053
8056
8098
8100
8104
8107
8110
8113
8116
8120
8123
8141
8143
8145
8148
8152
8155
8159
8161
8162
8165
8202
8202
8206
8209
8212
8215
8218
8221
8224
8227
8243
8244
8246
8248
8251
8255
8258
8261
8264
8267
8287
8287
8290
8294
8297
8300
8302
8304
8306
8308
8323
8324
8326
8328
8329
8331
8334
8337
8357
8357
8360
8364
8367
8370
8372
8373
8376
8392
8394
8396
8399
8403
8406
8410
8413
8416
8419
8422
8441
8442
8445
8448
8451
8455
8457
8460
8464
8467
8488
8490
8492
8500
8551
8557
8560
8563
8565
8568
8571
8574
8578
8581
8599
8601
8604
8607
8611
8613
8617
8621
8658
8659
8661
8664
8667
8668
8671
8674
8678
8713
8713
8717
8720
8723
8725
8728
8732
8735
8770
8772
8774
8777
8780
8784
8786
8789
8793
8843
8846
8848
8851
8857
8860
8864
8866
8869
8919
8920
8923
8926
8929
8932
8933
8936
8939
8943
8989
8991
8994
8996
8997
9000
9003
9006
9010
9012
9035
9037
9039
9043
9046
9049
9052
9055
9058
9061
9064
9114
9114
9117
9119
9122
9125
9127
9129
9133
9135
9210
9211
9213
9216
9218
9222
9225
9228
9231
9234
9238
9254
9256
9258
9261
9264
9266
9269
9272
9276
9278
9354
9354
9357
9359
9363
9366
9368
9371
9374
9377
9379
9381
9419
9421
9425
9427
9428
9431
9434
9437
9441
9453
9454
9457
9461
9462
9466
9469
9472
9476
9491
9492
9496
9499
9501
9504
9507
9511
9596
9596
9598
9601
9604
9607
9610
9614
9616
9619
9638
9640
9644
9647
9650
9653
9656
9660
9662
9665
9684
9684
9688
9691
9694
9697
9700
9703
9706
9723
9723
9725
9726
9730
9733
9736
9740
9743
9745
9749
9766
9766
9770
9773
9777
9780
9782
9786
9806
9807
9809
9813
9816
9819
9823
9825
9828
9831
9834
9837
9850
9851
9854
9857
9860
9862
9866
9883
9884
9885
9888
9891
9895
9898
9902
9904
9923
9925
9926
9928
9931
9934
9938
9941
9944
9946
9966
9968
9970
9973
9977
9980
9983
9985
9988
9991
9993
9996
10014
10015
10019
10022
10024
10027
10030
10032
10035
10038
10057
10059
10060
10064
10066
10068
10072
10074
10076
10080
10098
10098
10102
10105
10107
10111
10113
10116
10139
10140
10142
10146
10149
10153
10155
10158
10162
10183
10183
10186
10189
10193
10196
10199
10202
10205
10208
10223
10224
10228
10231
10234
10237
10240
10243
10247
10250
10266
10268
10270
10273
10277
10280
10283
10285
10287
10340
10341
10342
10345
10349
10351
10353
10355
10356
10358
10376
10377
10379
10381
10384
10388
10390
10393
10397
10400
10401
10419
10420
10422
10426
10429
10431
10435
10438
10441
10520
10521
10524
10527
10530
10533
10537
10540
10542
10546
10549
10558
10560
10563
10566
10582
10583
10586
10590
10593
10596
10600
10603
10607
10610
10613
10629
10630
10633
10635
10639
10642
10645
10648
10651
10667
10669
10672
10673
10676
10679
10682
10685
10688
10691
10709
10709
10713
10716
10719
10723
10724
10727
10731
10747
10748
10752
10756
10757
10761
10764
10767
10771
10824
10824
10828
10830
10831
10835
10838
10841
10845
10847
10850
10897
10898
10900
10904
10907
10909
10913
10916
10919
10923
10926
10942
10944
10947
10950
10951
10953
10955
10957
10959
10963
10977
10978
10981
10984
10987
10990
10993
10996
11014
11016
11019
11022
11024
11028
11030
11032
11035
11038
11041
11043
11059
11060
11063
11067
11070
11071
11075
11078
11081
11085
11105
11106
11108
11111
11115
11117
11119
11122
11124
11172
11173
11176
11179
11180
11183
11186
11190
11193
11194
11260
11261
11264
11268
11271
11274
11278
11281
11383
11388
11392
11395
11398
11401
11405
11410
11413
11417
11419
11464
11469
11473
11488
11492
11496
11498
11502
11604
11609
11612
11615
11617
11619
11621
11623
11624
11628
11631
11636
11639
11642
11646
11648
11652
11656
11659
11663
11666
11670
11672
11675
11679
11681
11684
11688
11692
11695
11697
11701
11704
11707
11711
11714
11718
11720
11724
11727
11731
11733
11736
11739
11741
11743
11745
11747
11749
11751
11753
11755
11757
11758
11760
11763
11766
11769
11771
11773
11774
11776
11779
11781
11783
11786
11788
11792
11795
11798
11800
11802
11803
11806
11808
11810
11813
11815
11816
11819
11821
11823
11825
11827
11828
11830
11832
11834
11836
11838
11841
11844
11847
11850
11854
11857
11860
11864
11867
11869
11873
11876
11879
11882
11885
11888
11892
11894
11897
11901
11904
11906
11910
11913
11916
11919
11922
11923
11927
11930
11933
11937
11940
11943
11946
11949
11952
11956
11959
11961
11965
11968
11972
11975
11976
11980
11983
11987
11989
11991
11995
11998
12000
12004
12007
12010
12012
12014
12014
12014
12014
12014
12014
12014
12014
12014
12014
12014
12014
12014
12014
12014
12014
12014
12014
12014
12014
12014
12014
12014
12014
12014
12014
12014
12014
12014
12014
12014
12014
12014
