0
0
0
0
0
0
0
0
0
0
0
0
0
0
0
0
77
84
87
91
93
98
101
104
108
147
150
154
157
161
169
172
176
179
182
201
202
205
207
211
214
218
221
223
227
274
274
279
283
287
290
294
297
299
342
348
349
353
357
360
363
366
369
373
379
439
444
448
452
454
458
462
466
469
516
520
524
528
531
534
538
541
548
612
620
624
627
629
634
637
640
644
729
736
740
743
749
752
764
768
772
883
887
891
895
899
905
913
915
921
929
933
1072
1079
1083
1087
1093
1097
1105
1122
1220
1222
1225
1229
1232
1235
1238
1241
1245
1248
1306
1311
1313
1317
1320
1324
1327
1330
1333
1336
1427
1429
1436
1439
1442
1446
1451
1452
1456
1459
1510
1512
1515
1518
1522
1525
1526
1530
1533
1562
1564
1567
1570
1574
1577
1580
1583
1597
1599
1601
1605
1615
1618
1695
1697
1699
1702
1705
1709
1710
1714
1718
1778
1778
1781
1784
1786
1789
1791
1795
1798
1850
1852
1854
1857
1860
1863
1866
1869
1872
1893
1896
1956
1958
1961
1964
1967
1971
1975
1978
1995
1997
2000
2003
2006
2009
2013
2016
2019
2066
2067
2070
2073
2076
2079
2083
2085
2088
2132
2137
2141
2143
2148
2152
2155
2159
2161
2164
2202
2203
2215
2218
2222
2227
2232
2240
2244
2247
2334
2339
2342
2345
2347
2350
2354
2357
2360
2363
2496
2498
2500
2503
2507
2510
2513
2516
2519
2522
2640
2642
2645
2648
2651
2654
2658
2731
2732
2735
2738
2741
2743
2746
2749
2753
2815
2816
2820
2822
2825
2829
2832
2836
2838
2841
2878
2878
2881
2885
2888
2926
2928
2930
2932
2936
2939
2942
2945
2948
2967
2968
2971
2975
2978
2981
2984
2986
2988
3006
3006
3008
3010
3011
3014
3017
3019
3021
3023
3040
3041
3044
3046
3048
3051
3055
3057
3059
3061
3076
3078
3080
3083
3085
3089
3092
3095
3099
3114
3115
3117
3118
3120
3123
3125
3127
3164
3164
3166
3169
3173
3175
3178
3181
3184
3187
3200
3202
3206
3209
3211
3215
3218
3228
3230
3233
3236
3237
3241
3254
3255
3259
3262
3264
3267
3270
3272
3276
3279
3299
3300
3302
3306
3309
3312
3315
3318
3321
3325
3328
3331
3373
3374
3375
3378
3381
3384
3388
3391
3395
3398
3430
3432
3435
3438
3440
3442
3445
3449
3451
3454
3458
3467
3467
3471
3474
3493
3494
3495
3498
3500
3503
3506
3509
3511
3513
3531
3532
3535
3538
3541
3543
3545
3547
3548
3550
3568
3569
3572
3575
3578
3580
3584
3586
3589
3592
3595
3654
3656
3659
3663
3665
3668
3672
3675
3678
3697
3697
3701
3704
3708
3710
3713
3717
3720
3723
3743
3744
3746
3750
3753
3756
3759
3761
3763
3767
3770
3814
3815
3818
3821
3823
3825
3827
3829
3832
3835
3897
3897
3899
3902
3904
3905
3907
3909
3911
3913
3915
3975
3976
3979
3981
3984
3988
3991
3993
4074
4075
4077
4080
4084
4087
4090
4094
4097
4099
4150
4151
4153
4157
4160
4163
4166
4246
4248
4251
4254
4256
4258
4261
4264
4267
4270
4333
4337
4339
4343
4346
4350
4352
4355
4359
4411
4413
4415
4419
4422
4425
4428
4431
4434
4484
4486
4487
4490
4494
4496
4500
4504
4508
4511
4514
4594
4596
4599
4602
4605
4608
4612
4615
4617
4636
4637
4640
4643
4646
4650
4653
4655
4659
4678
4679
4682
4684
4687
4689
4690
4692
4694
4696
4713
4713
4715
4717
4720
4722
4724
4727
4730
4732
4751
4751
4755
4757
4759
4761
4764
4765
4768
4771
4774
4794
4795
4796
4800
4803
4806
4810
4812
4815
4819
4821
4836
4837
4838
4841
4843
4847
4849
4851
4867
4868
4871
4872
4874
4876
4878
4880
4882
4899
4900
4902
4904
4905
4907
4909
4911
4913
4929
4930
4932
4934
4936
4939
4941
4942
4944
4962
4963
4964
4966
4969
4972
4975
4977
4980
4982
4999
5000
5002
5004
5006
5008
5010
5012
5014
5032
5033
5036
5039
5042
5045
5048
5052
5054
5056
5060
5079
5081
5084
5088
5090
5093
5097
5099
5102
5105
5129
5130
5134
5137
5139
5142
5144
5147
5150
5153
5157
5207
5207
5211
5214
5217
5224
5225
5227
5263
5263
5267
5270
5272
5275
5278
5282
5285
5287
5290
5300
5300
5304
5306
5309
5335
5337
5341
5344
5347
5349
5367
5367
5369
5372
5375
5378
5381
5384
5387
5390
5409
5409
5412
5415
5417
5419
5422
5426
5428
5430
5433
5450
5450
5454
5456
5459
5462
5464
5466
5468
5470
5487
5488
5490
5491
5494
5496
5498
5500
5502
5521
5522
5523
5526
5528
5531
5533
5536
5537
5539
5541
5557
5558
5560
5562
5564
5567
5568
5570
5572
5574
5591
5593
5597
5600
5601
5603
5605
5607
5610
5611
5627
5627
5629
5632
5634
5636
5639
5642
5646
5649
5667
5668
5671
5674
5677
5680
5681
5685
5688
5690
5706
5708
5712
5715
5717
5721
5724
5727
5731
5747
5748
5752
5755
5758
5762
5764
5767
5789
5789
5790
5792
5794
5797
5800
5803
5805
5822
5822
5824
5826
5830
5833
5836
5839
5841
5858
5859
5863
5866
5870
5873
5876
5880
5882
5885
5904
5904
5907
5911
5914
5917
5918
5920
5922
5942
5942
5944
5947
5950
5951
5953
5955
5957
5959
5974
5975
5977
5980
5983
5986
5988
5990
6008
6008
6011
6014
6015
6019
6022
6024
6027
6041
6042
6044
6046
6047
6050
6052
6055
6073
6073
6075
6077
6078
6080
6082
6085
6089
6090
6092
6108
6109
6111
6115
6117
6118
6122
6125
6127
6162
6162
6165
6167
6170
6173
6176
6179
6181
6185
6200
6201
6205
6209
6212
6214
6216
6219
6238
6240
6241
6244
6248
6251
6253
6257
6260
6263
6266
6269
6304
6305
6309
6312
6315
6318
6321
6325
6327
6330
6351
6352
6354
6357
6360
6363
6367
6369
6371
6375
6377
6383
6384
6387
6405
6405
6406
6409
6411
6412
6415
6417
6420
6423
6444
6444
6448
6451
6453
6457
6460
6463
6466
6468
6470
6499
6499
6502
6506
6508
6510
6513
6516
6519
6522
6544
6546
6548
6550
6554
6557
6575
6575
6579
6582
6585
6588
6591
6593
6595
6611
6613
6615
6618
6622
6624
6627
6631
6634
6636
6638
6650
6651
6654
6657
6658
6662
6665
6679
6681
6683
6686
6689
6692
6695
6699
6719
6719
6721
6724
6726
6730
6733
6736
6738
6741
6744
6762
6762
6765
6768
6769
6772
6775
6778
6780
6784
6787
6806
6808
6811
6814
6817
6819
6823
6826
6829
6832
6834
6849
6849
6851
6854
6857
6858
6860
6863
6875
6877
6880
6883
6886
6888
6891
6910
6910
6913
6916
6919
6920
6924
6927
6930
6933
6935
6953
6955
6956
6958
6960
6962
6963
6965
6967
6985
6985
6987
6989
6991
6993
6994
6996
6998
7000
7001
7018
7020
7021
7023
7026
7028
7030
7032
7033
7049
7050
7051
7053
7055
7057
7059
7061
7063
7079
7079
7082
7084
7086
7087
7089
7091
7093
7110
7110
7112
7114
7116
7117
7119
7121
7123
7140
7140
7142
7145
7148
7152
7153
7156
7160
7163
7180
7181
7184
7188
7190
7192
7195
7198
7201
7220
7221
7223
7225
7227
7228
7230
7234
7236
7238
7241
7259
7259
7263
7265
7266
7270
7272
7274
7276
7279
7296
7297
7300
7303
7306
7310
7313
7316
7320
7339
7340
7344
7346
7349
7353
7356
7359
7363
7366
7386
7388
7391
7392
7396
7399
7402
7405
7407
7410
7429
7430
7432
7435
7439
7442
7445
7449
7451
7454
7458
7549
7551
7557
7560
7565
7567
7570
7573
7577
7579
7610
7611
7613
7615
7616
7619
7621
7624
7627
7629
7667
7669
7671
7674
7678
7680
7681
7683
7686
7688
7691
7705
7706
7709
7712
7713
7715
7717
7719
7735
7736
7737
7739
7741
7742
7744
7746
7748
7750
7767
7768
7770
7772
7773
7776
7779
7782
7785
7802
7803
7806
7808
7810
7812
7815
7817
7819
7837
7838
7839
7841
7844
7847
7850
7852
7856
7873
7874
7877
7880
7883
7884
7886
7888
7890
7907
7907
7908
7910
7912
7914
7916
7917
7920
7922
7940
7941
7944
7948
7950
7953
7956
7959
7962
7965
7983
7983
7987
7990
7993
7995
7997
7998
8001
8003
8020
8021
8024
8027
8029
8032
8033
8035
8037
8054
8054
8056
8058
8060
8062
8063
8065
8067
8069
8086
8087
8089
8092
8094
8095
8097
8099
8102
8105
8120
8121
8123
8126
8127
8129
8131
8133
8135
8150
8151
8153
8155
8156
8158
8160
8162
8165
8184
8185
8186
8188
8191
8193
8195
8197
8200
8203
8206
8224
8226
8229
8231
8234
8237
8240
8243
8245
8256
8257
8259
8263
8265
8268
8286
8286
8289
8291
8292
8294
8297
8300
8302
8305
8307
8323
8324
8327
8331
8334
8336
8339
8341
8359
8360
8362
8366
8369
8373
8376
8379
8381
8383
8399
8401
8403
8405
8408
8410
8413
8417
8420
8437
8438
8440
8443
8447
8449
8452
8456
8458
8461
8473
8473
8477
8480
8483
8502
8503
8505
8509
8511
8513
8516
8517
8519
8522
8525
8543
8544
8546
8548
8552
8555
8558
8560
8562
8564
8582
8582
8585
8588
8591
8592
8596
8599
8602
8622
8622
8623
8627
8629
8632
8634
8637
8640
8644
8645
8663
8664
8667
8670
8673
8676
8679
8683
8686
8687
8691
8706
8707
8711
8714
8716
8719
8720
8722
8724
8741
8742
8744
8746
8748
8750
8751
8753
8755
8771
8772
8774
8776
8777
8779
8781
8783
8785
8804
8804
8806
8809
8811
8812
8814
8816
8818
8820
8835
8836
8838
8839
8841
8843
8845
8847
8864
8864
8866
8868
8869
8872
8875
8877
8879
8896
8897
8899
8901
8902
8904
8906
8908
8911
8929
8929
8931
8932
8935
8938
8941
8944
8948
8950
8952
8966
8967
8969
8973
8976
8979
8982
8985
8988
8991
9009
9010
9012
9014
9016
9018
9021
9024
9026
9042
9042
9044
9046
9047
9049
9052
9055
9057
9072
9073
9075
9077
9079
9082
9084
9086
9104
9104
9106
9108
9110
9112
9114
9115
9117
9120
9121
9123
9125
9127
9129
9131
9133
9134
9137
9140
9142
9144
9146
9147
9149
9151
9154
9157
9160
9163
9165
9167
9169
9171
9173
9175
9177
9179
9181
9183
9185
9188
9189
9191
9193
9195
9197
9198
9200
9203
9206
9208
9211
9214
9215
9219
9221
9223
9224
9226
9228
9230
9232
9235
9238
9241
9245
9248
9250
9254
9257
9259
9261
9263
9265
9267
9269
9272
9275
9278
9282
9284
9287
9291
9294
9297
9300
9303
9306
9310
9312
9316
9318
9321
9323
9326
9329
9331
9334
9337
9340
9342
9344
9346
9349
9353
9355
9357
9359
9361
9362
9364
9367
9371
9374
9377
9379
9379
9379
9379
9379
9379
9379
9379
9379
9379
9379
9379
9379
9379
9379
9379
9379
9379
9379
9379
9379
9379
9379
9379
9379
9379
9379
9379
9379
9379
9379
9379
9379
9379
9379
9379
9379
9379
9379
9379
9379
9379
9379
9379
9379
9379
9379
9379
9379
9379
