0
0
0
0
0
0
0
0
0
0
0
0
0
0
0
0
0
0
0
0
36
38
43
47
50
54
58
62
65
153
158
164
171
175
177
179
184
191
195
202
328
344
348
350
353
357
276
277
280
288
312
422
422
423
425
426
427
432
433
444
455
514
518
520
521
522
524
526
527
529
530
613
614
616
617
618
620
621
623
624
641
713
714
715
716
718
719
720
722
723
726
847
848
851
854
856
857
858
873
938
941
944
946
947
948
950
951
952
1033
1034
1036
1037
1038
1041
1042
1043
1046
1113
1115
1116
1117
1117
1118
1118
1119
1120
1141
1142
1143
1149
1158
1175
1177
1179
1180
1181
1184
1185
1186
1188
1189
1274
1275
1276
1277
1278
1008
1009
1011
1012
1014
1131
1132
1134
1135
1136
1138
1139
1140
1141
1142
1157
1228
1230
1230
1232
1232
1233
1235
1235
1236
1272
1276
1276
1278
1279
1280
1282
1283
1284
1318
1319
1321
1323
1326
1330
1333
1346
1363
1400
1401
1401
1402
1403
1403
1404
1406
1407
1425
1463
1464
1465
1467
1468
1469
1471
1473
1474
1481
1600
1602
1604
1605
1607
1609
1610
1612
1613
1614
1720
1721
1722
1724
1725
1726
1728
1729
1730
1748
1759
1761
1766
1767
1769
1769
1770
1772
1791
1839
1840
1841
1842
1843
1844
1846
1860
1577
1659
1662
1663
1665
1666
1668
1670
1671
1685
1712
1713
1714
1716
1717
1718
1723
1724
1770
1773
1775
1776
1778
1779
1780
1782
1800
1860
1861
1862
1863
1864
1866
1866
1867
1868
1868
1934
1935
1936
1936
1936
1936
1936
1936
1950
1975
1976
1976
1976
1977
1979
1980
1981
1982
1997
1997
1997
1997
1998
1998
1998
1999
2000
2017
2017
2018
2019
2019
2020
2022
2022
2022
2024
2041
2067
2069
2070
2071
2073
2074
2076
2077
2078
2096
2114
2116
2117
2119
2120
2121
2123
2124
2125
2154
2155
2157
2158
2164
2166
1877
1925
1926
1928
1929
1931
1932
1935
1937
1954
1964
1965
1967
1968
1969
1971
1972
1973
2018
2019
2026
2027
2027
2029
2030
2031
2033
2034
2050
2074
2075
2076
2077
2078
2079
2081
2097
2172
2173
2174
2175
2177
2178
2178
2180
2181
2196
2198
2199
2200
2202
2203
2204
2206
2207
2221
2253
2254
2256
2257
2259
2260
2261
2263
2264
2279
2279
2281
2281
2282
2284
2285
2286
2287
2292
2296
2298
2320
2321
2322
2324
2325
2326
2328
2329
2330
2343
2343
2344
2345
2346
2347
2349
2364
2364
2366
2367
2368
2368
2369
2102
2102
2116
2146
2146
2146
2147
2147
2148
2149
2149
2162
2168
2168
2169
2170
2170
2170
2171
2171
2187
2187
2188
2190
2190
2191
2191
2191
2191
2204
2204
2204
2205
2206
2206
2207
2207
2207
2221
2262
2263
2263
2263
2264
2265
2267
2268
2270
2285
2286
2288
2289
2290
2291
2292
2293
2309
2309
2311
2312
2314
2315
2316
2318
2319
2335
2379
2380
2381
2385
2386
2387
2389
2390
2407
2408
2409
2410
2411
2412
2414
2415
2416
2418
2434
2459
2462
2463
2465
2466
2466
2467
2469
2470
2484
2512
2512
2512
2514
2515
2243
2245
2260
2260
2262
2263
2264
2265
2266
2268
2272
2274
2349
2350
2353
2354
2356
2358
2360
2361
2362
2376
2401
2402
2404
2405
2407
2408
2409
2411
2415
2433
2434
2435
2437
2439
2440
2441
2443
2456
2520
2521
2522
2523
2525
2526
2527
2545
2550
2551
2553
2554
2555
2558
2559
2560
2562
2583
2604
2606
2607
2610
2611
2612
2614
2616
2617
2633
2677
2678
2680
2681
2683
2684
2685
2687
2688
2715
2716
2721
2721
2723
2725
2728
2744
2754
2756
2756
2757
2759
2760
2761
2762
2763
2779
2780
2781
2781
2782
2782
2505
2505
2505
2505
2518
2518
2519
2519
2519
2520
2520
2520
2537
2537
2539
2539
2539
2539
2540
2541
2541
2555
2622
2623
2624
2625
2626
2627
2628
2630
2646
2647
2649
2649
2650
2652
2652
2653
2655
2657
2672
2673
2674
2676
2677
2678
2680
2681
2682
2718
2719
2720
2722
2723
2724
2726
2727
2728
2730
2745
2746
2747
2748
2750
2751
2752
2754
2769
2770
2771
2773
2774
2776
2777
2778
2780
2795
2825
2827
2828
2829
2831
2832
2833
2835
2847
2854
2856
2857
2859
2860
2862
2863
2865
2871
2908
2909
2910
2915
2916
2645
2646
2648
2649
2650
2666
2667
2667
2669
2670
2671
2674
2675
2676
2750
2750
2751
2753
2754
2755
2757
2758
2759
2775
2776
2778
2780
2781
2783
2784
2785
2786
2800
2830
2831
2832
2833
2834
2835
2837
2838
2844
2845
2859
2907
2909
2910
2910
2912
2912
2913
2913
2928
2928
2928
2929
2929
2930
2930
2932
2933
2935
2952
2952
2952
2952
2953
2954
2954
2956
2957
2959
2974
2975
2975
2976
2977
2979
2980
2981
2983
2984
3001
3002
3003
3004
3006
3006
3007
3008
3009
3010
3031
3031
3032
3034
3035
3035
3036
3037
2756
2775
2776
2778
2779
2781
2782
2783
2785
2786
2787
2804
2834
2834
2836
2837
2838
2840
2841
2842
2844
2917
2918
2919
2920
2920
2922
2923
2923
2924
2941
2972
2973
2974
2975
2978
2979
2991
2992
2993
3061
3062
3063
3065
3066
3067
3069
3070
3071
3073
3169
3170
3172
3173
3174
3176
3177
3178
3180
3196
3295
3297
3298
3299
3301
3302
3304
3305
3306
3323
3324
3325
3327
3328
3329
3331
3332
3333
3349
3456
3458
3460
3461
3462
3464
3465
3467
3468
3469
3486
3507
3509
3509
3511
3512
3513
3513
3513
3515
3531
3144
3146
3147
3147
3149
3150
3150
3151
3151
3220
3221
3223
3225
3226
3226
3272
3273
3274
3274
3275
3276
3278
3279
3280
3296
3297
3299
3300
3301
3302
3302
3303
3304
3305
3320
3321
3323
3324
3325
3327
3328
3329
3330
3330
3378
3379
3380
3380
3381
3383
3384
3385
3385
3400
3436
3438
3439
3441
3441
3442
3443
3445
3460
3460
3460
3460
3460
3460
3460
3461
3463
3464
3511
3512
3514
3515
3516
3518
3519
3520
3522
3523
3539
3567
3568
3568
3570
3571
3573
3573
3574
3575
3591
3592
3593
3594
3595
3596
3597
3599
3262
3263
3327
3327
3328
3330
3331
3332
3334
3335
3353
3464
3464
3465
3466
3468
3470
3471
3472
3474
3474
3488
3519
3520
3520
3521
3522
3525
3535
3555
3647
3650
3652
3654
3654
3655
3658
3658
3659
3674
3710
3711
3712
3713
3715
3716
3716
3718
3757
3758
3758
3760
3760
3761
3763
3764
3765
3819
3820
3822
3823
3845
3871
3873
3874
3876
3877
3879
3881
3881
3883
3931
3932
3933
3934
3938
3944
3948
3949
3951
3968
4007
4009
4010
4011
4013
4014
4016
4022
4029
4097
4102
4102
4106
4107
4108
4109
4110
4110
4128
3747
3762
3767
3768
3772
3774
3775
3776
3777
3845
3846
3847
3848
3849
3851
3853
3854
3856
3866
3885
3939
3940
3942
3943
3945
3946
3947
3949
3950
3971
3972
3973
3975
3977
3987
3989
3989
3990
4027
4028
4030
4032
4033
4035
4041
4042
4044
4045
4096
4100
4103
4105
4106
4107
4110
4117
4121
4139
4195
4199
4200
4201
4203
4204
4204
4205
4206
4229
4230
4231
4233
4236
4237
4239
4240
4240
4262
4313
4314
4316
4317
4318
4320
4321
4322
4324
4338
4376
4378
4379
4381
4381
4382
4384
4385
4387
4433
4434
4435
4436
4109
4110
4112
4115
4116
4117
4238
4239
4242
4253
4254
4256
4259
4260
4261
4265
4280
4365
4366
4369
4371
4372
4374
4375
4377
4459
4459
4462
4463
4464
4465
4467
4468
4469
4487
4535
4535
4535
4536
4539
4540
4542
4543
4559
4601
4602
4604
4606
4607
4608
4610
4611
4613
4633
4692
4693
4695
4696
4697
4699
4700
4701
4705
4706
4723
4794
4796
4797
4799
4800
4802
4803
4805
4821
4901
4909
4910
4911
4913
4914
4917
4917
4918
4933
5032
5033
5035
5036
5037
5039
5040
5042
5138
5139
5141
5142
5144
5145
5147
5149
4753
4754
4840
4841
4842
4842
4844
4845
4846
4848
4849
4867
4948
4949
4951
4952
4954
4955
4955
4957
4958
4958
4962
4973
4974
4976
4977
4979
4996
5001
5003
5004
5006
5007
5008
5010
5011
5013
5029
5030
5031
5032
5033
5035
10652
10653
10654
10655
10655
10655
10656
10658
10659
10659
10659
10659
10659
10659
10659
10659
10659
10659
10659
10659
10661
10662
10663
10664
10664
10664
10664
10664
10664
10664
10664
10665
10667
10668
10668
10669
10669
10669
10669
10669
10669
10669
10669
10670
10671
10671
10672
10673
10674
10676
10677
10677
10677
10677
10677
10677
10205
10206
10207
10209
10210
10211
10245
10248
10252
10254
10255
10257
10259
10260
10261
10263
10278
10278
10280
10281
10282
10284
10285
10286
10288
10303
10304
10305
10306
10306
10308
10309
10310
10312
10328
10329
10330
10330
10332
10333
10334
10336
10337
10338
10355
10355
10356
10358
10359
10360
10361
10362
10364
10365
10380
10380
10381
10383
10384
10385
10387
10388
10389
10406
10406
10408
10409
10411
10412
10413
10415
10416
10432
10433
10435
10436
10438
10439
10441
10442
10443
10445
10502
10502
10504
10505
10506
10507
10508
10509
10511
10526
10526
10527
10528
10529
10531
10532
10533
10535
10175
10242
10242
10244
10245
10247
10248
10248
10250
10251
10268
10269
10271
10272
10273
10275
10275
10275
10276
10278
10292
10299
10300
10301
10303
10304
10305
10307
10308
10324
10325
10326
10327
10328
10329
10331
10332
10333
10335
10352
10381
10382
10384
10385
10386
10387
10387
10387
10387
10429
10429
10430
10431
10432
10432
10432
10433
10434
10436
10454
10454
10456
10457
10458
10459
10459
10459
10460
10476
10477
10478
10479
10479
10480
10482
10483
10484
10486
10503
10504
10505
10506
10508
10509
10510
10512
10513
10514
10531
10537
10538
10540
10541
10542
10543
10544
10545
10547
10548
10594
10203
10204
10206
10207
10208
10210
10211
10212
10230
10231
10233
10234
10235
10237
10238
10240
10241
10258
10282
10283
10285
10286
10286
10288
10289
10290
10292
10310
10311
10312
10313
10314
10315
10317
10318
10320
10321
10339
10339
10340
10342
10343
10345
10346
10347
10349
10350
10351
10369
10370
10372
10373
10374
10376
10377
10378
10380
10381
10382
10398
10398
10400
10400
10400
10402
10403
10404
10404
10405
10462
10463
10463
10463
10465
10466
10467
10469
10470
10487
10487
10489
10491
10492
10493
10495
10496
10497
10499
10514
10514
10515
10516
10517
10518
10519
10520
10521
10522
10538
10539
10221
10221
10222
10224
10225
10227
10228
10229
10248
10249
10251
10252
10253
10255
10256
10257
10259
10259
10261
10283
10285
10286
10288
10288
10288
10288
10288
10288
10288
10289
10290
10292
10293
10294
10296
10297
10299
10300
10301
10301
10302
10304
10304
10304
10304
10304
10304
10304
10304
10304
10304
10304
10304
10304
10304
10304
10304
10304
10304
10304
10304
10304
10304
10304
10304
10304
10304
10304
10304
10304
10304
