0
0
0
0
0
0
0
0
0
0
0
0
0
0
0
0
0
0
0
0
0
0
0
68
74
77
80
86
89
92
95
99
102
126
128
132
135
141
144
147
152
155
192
198
202
205
208
212
215
217
221
224
284
286
291
294
298
300
303
308
326
329
331
335
338
343
346
349
353
356
417
424
427
431
434
437
441
443
446
450
471
473
476
479
485
487
490
495
501
585
591
594
598
603
607
612
616
620
625
629
707
713
720
724
726
729
734
737
739
744
747
821
828
833
844
847
850
855
863
866
871
984
986
989
997
1001
1015
1034
1037
1042
1045
1153
1155
1157
1160
1165
1178
1193
1199
1202
1206
1249
1250
1252
1254
1255
1258
1262
1265
1268
1269
1311
1313
1315
1319
1322
1326
1329
1332
1411
1412
1415
1418
1423
1426
1430
1433
1436
1440
1524
1527
1530
1532
1536
1539
1542
1546
1549
1551
1583
1584
1588
1591
1594
1597
1618
1620
1624
1627
1631
1634
1636
1640
1643
1646
1680
1680
1684
1687
1688
1692
1695
1698
1702
1705
1728
1730
1732
1735
1739
1742
1745
1748
1751
1754
1772
1772
1775
1779
1782
1785
1788
1791
1794
1820
1822
1826
1829
1833
1836
1839
1843
1845
1924
1924
1926
1928
1930
1931
1933
1936
1939
1941
1962
1963
1966
1969
1972
1976
1979
1982
1988
1990
1993
2037
2039
2042
2046
2048
2051
2090
2097
2100
2102
2105
2109
2112
2113
2117
2120
2123
2126
2168
2168
2172
2176
2178
2181
2185
2188
2190
2193
2196
2265
2265
2268
2271
2274
2277
2280
2283
2287
2290
2326
2327
2330
2333
2336
2339
2342
2344
2346
2347
2365
2365
2367
2369
2371
2373
2375
2377
2379
2382
2435
2437
2440
2443
2446
2448
2451
2454
2457
2461
2486
2487
2490
2494
2499
2507
2514
2518
2524
2528
2530
2614
2617
2619
2623
2627
2630
2635
2637
2641
2645
2679
2680
2684
2686
2689
2694
2696
2700
2702
2706
2748
2749
2752
2756
2760
2763
2767
2770
2773
2776
2821
2821
2825
2828
2831
2835
2837
2840
2842
2844
2866
2868
2872
2875
2879
2882
2885
2888
2891
2931
2936
2940
2943
2947
2950
2953
2956
2959
2999
3003
3005
3020
3023
3028
3032
3039
3045
3049
3144
3150
3153
3156
3160
3162
3165
3168
3171
3173
3291
3293
3296
3300
3302
3305
3309
3311
3314
3318
3378
3379
3383
3387
3391
3392
3429
3430
3434
3437
3440
3444
3447
3450
3454
3456
3460
3534
3534
3537
3540
3541
3545
3548
3551
3555
3558
3560
3592
3592
3595
3599
3601
3604
3608
3611
3613
3646
3647
3649
3651
3654
3658
3661
3665
3667
3670
3718
3719
3722
3725
3728
3731
3734
3736
3739
3743
3768
3768
3772
3775
3776
3780
3783
3785
3799
3800
3804
3806
3809
3813
3816
3819
3837
3837
3841
3844
3848
3851
3854
3858
3860
3880
3882
3884
3887
3891
3894
3897
3900
3903
3906
3910
3945
3946
3950
3952
3955
3959
3962
3980
3982
3985
3987
3989
3992
3995
3998
4001
4003
4006
4018
4020
4023
4026
4029
4032
4052
4052
4056
4059
4063
4065
4068
4072
4075
4077
4081
4100
4101
4103
4106
4108
4112
4115
4118
4122
4125
4143
4145
4148
4151
4153
4156
4159
4162
4164
4167
4183
4184
4188
4191
4194
4196
4199
4202
4205
4208
4227
4227
4231
4234
4237
4241
4243
4246
4250
4253
4272
4273
4276
4279
4282
4285
4288
4292
4295
4298
4316
4317
4318
4321
4325
4328
4330
4334
4337
4339
4349
4351
4354
4357
4359
4378
4378
4382
4385
4389
4392
4394
4397
4400
4402
4421
4422
4424
4428
4431
4434
4437
4440
4441
4444
4446
4448
4467
4469
4473
4476
4478
4481
4483
4485
4489
4492
4508
4510
4512
4516
4519
4522
4525
4527
4528
4546
4547
4549
4551
4553
4555
4557
4559
4560
4563
4582
4582
4585
4588
4592
4595
4598
4601
4603
4620
4620
4623
4626
4630
4633
4637
4640
4642
4646
4685
4686
4689
4692
4695
4698
4701
4702
4706
4722
4723
4725
4728
4730
4734
4737
4740
4742
4761
4762
4765
4768
4771
4774
4777
4780
4783
4786
4827
4827
4830
4833
4836
4839
4842
4846
4849
4852
4868
4869
4873
4876
4879
4880
4884
4887
4905
4907
4909
4913
4916
4918
4921
4924
4926
4930
4948
4949
4952
4955
4958
4961
4964
4968
4971
4974
4992
4993
4996
5000
5002
5006
5008
5011
5014
5017
5020
5117
5119
5124
5126
5129
5132
5135
5138
5142
5144
5194
5200
5204
5207
5211
5214
5217
5220
5223
5322
5337
5341
5344
5348
5353
5355
5359
5361
5365
5464
5469
5478
5481
5485
5487
5490
5494
5497
5500
5503
5506
5620
5627
5630
5634
5638
5640
5643
5646
5649
5652
5656
5736
5737
5742
5745
5749
5752
5755
5760
5764
5809
5812
5815
5821
5823
5826
5830
5833
5836
5839
5882
5886
5891
5895
5900
5903
5907
5910
5913
5917
6013
6022
6026
6029
6031
6034
6038
6041
6045
6083
6086
6089
6092
6095
6098
6102
6105
6108
6147
6147
6157
6160
6166
6170
6174
6175
6179
6240
6254
6257
6259
6262
6265
6267
6270
6274
6277
6280
6298
6300
6302
6305
6309
6312
6315
6319
6321
6387
6396
6399
6404
6407
6410
6417
6419
6422
6425
6498
6502
6506
6509
6513
6516
6520
6524
6528
6530
6597
6603
6606
6610
6613
6618
6622
6624
6627
6631
6740
6748
6751
6755
6759
6762
6765
6768
6771
6775
6778
6852
6854
6857
6861
6864
6868
6871
6873
6877
6991
6995
6998
7001
7004
7008
7011
7015
7018
7083
7085
7087
7095
7098
7101
7104
7108
7111
7114
7156
7158
7161
7164
7167
7169
7172
7176
7179
7182
7233
7234
7238
7241
7244
7246
7249
7252
7255
7258
7276
7277
7280
7283
7286
7289
7293
7296
7298
7342
7343
7345
7349
7352
7355
7359
7362
7364
7368
7370
7414
7415
7417
7420
7424
7427
7429
7432
7435
7439
7442
7485
7487
7490
7493
7497
7511
7515
7520
7522
7525
7575
7577
7580
7584
7587
7590
7593
7596
7621
7622
7625
7628
7630
7632
7635
7638
7666
7668
7670
7674
7676
7679
7681
7684
7688
7691
7711
7712
7715
7718
7720
7724
7726
7729
7733
7735
7738
7760
7761
7763
7767
7770
7773
7776
7778
7781
7785
7801
7801
7805
7808
7811
7813
7816
7843
7856
7865
7868
7871
7873
7874
7876
7895
7896
7897
7899
7902
7905
7907
7910
7913
7917
7919
7935
7936
7939
7941
7944
7948
7951
7953
7957
7974
7975
7977
7980
7982
7985
7987
7989
7991
7993
8011
8012
8016
8018
8019
8021
8023
8025
8027
8028
8046
8048
8051
8054
8057
8059
8062
8064
8066
8068
8084
8084
8086
8088
8092
8095
8096
8099
8101
8120
8121
8123
8125
8128
8131
8134
8137
8140
8143
8147
8168
8169
8172
8175
8178
8180
8182
8184
8186
8189
8191
8192
8196
8285
8285
8289
8292
8294
8297
8299
8302
8304
8306
8354
8354
8356
8359
8362
8365
8368
8370
8374
8377
8446
8451
8453
8456
8460
8466
8469
8473
8476
8479
8481
8485
8577
8580
8583
8586
8590
8593
8596
8642
8642
8646
8650
8653
8657
8660
8663
8667
8674
8764
8774
8778
8781
8785
8788
8791
8794
8796
8799
8846
8856
8859
8863
8866
8869
8876
8878
8882
8935
8938
8942
8945
8948
8951
8954
8957
8961
8964
8988
8990
8993
8996
9000
9003
9006
9008
9012
9016
9081
9081
9085
9088
9093
9096
9102
9107
9110
9114
9285
9294
9301
9304
9307
9313
9316
9319
9322
9325
9404
9411
9412
9416
9419
9422
9426
9429
9431
9435
9495
9506
9510
9513
9516
9519
9522
9527
9593
9603
9614
9616
9620
9624
9629
9632
9635
9638
9640
9643
9793
9794
9796
9800
9803
9805
9814
9829
9832
9836
10022
10033
10036
10038
10040
10043
10049
10052
10058
10064
10067
10167
10170
10174
10177
10181
10183
10187
10191
10195
10348
10353
10356
10361
10364
10369
10372
10375
10379
10381
10384
10493
10497
10500
10504
10507
10510
10513
10517
10520
10524
10596
10597
10601
10605
10608
10611
10614
10617
10619
10623
10629
10647
10649
10653
10655
10658
10661
10664
10667
10670
10673
10677
10768
10770
10774
10776
10779
10783
10786
10790
10798
10835
10836
10839
10841
10843
10846
10848
10850
10851
10895
10896
10902
10904
10908
10911
10915
10918
10919
10923
10926
10930
11004
11006
11009
11012
11014
11016
11063
11065
11068
11071
11074
11077
11080
11084
11087
11144
11145
11148
11151
11154
11157
11160
11163
11167
11170
11187
11189
11193
11196
11199
11201
11203
11206
11209
11281
11282
11285
11288
11291
11294
11298
11301
11304
11306
11308
11418
11420
11423
11426
11429
11433
11436
11439
11443
11523
11523
11525
11527
11530
11533
11536
11539
11541
11544
11546
11549
11552
11556
11559
11563
11566
11568
11572
11575
11578
11582
11585
11588
11592
11595
11597
11601
11603
11605
11608
11611
11614
11617
11620
11624
11627
11630
11633
11635
11638
11641
11643
11645
11648
11650
11653
11656
11660
11663
11667
11670
11673
11676
11678
11681
11685
11688
11691
11694
11696
11699
11703
11707
11710
11714
11717
11718
11722
11726
11729
11732
11736
11737
11740
11744
11746
11749
11753
11755
11759
11762
11765
11769
11772
11775
11776
11780
11783
11786
11790
11793
11795
11799
11802
11805
11809
11812
11813
11816
11818
11821
11825
11828
11831
11833
11836
11840
11843
11844
11848
11851
11854
11856
11858
11861
11865
11868
11871
11875
11878
11879
11883
11886
11889
11893
11895
11899
11902
11905
11909
11912
11916
11919
11922
11924
11927
11932
11935
11938
11944
11947
11949
11953
11956
11960
11962
11965
11966
11968
11971
11973
11975
11977
11978
11981
11984
11987
11989
11991
11995
11997
12000
12003
12005
12007
12009
12011
12012
12015
12018
12021
12025
12028
12031
12034
12036
12039
12043
12046
12049
12053
12056
12060
12062
12065
12069
12074
12078
12081
12084
12088
12091
12093
12097
12100
12103
12107
12109
12112
12116
12119
12122
12126
12129
12131
12135
12138
12142
12145
12148
12151
12154
12157
12161
12164
12167
12170
12174
12177
12180
12183
12186
12190
12193
12201
12206
12209
12213
12216
12220
12223
12225
12229
12232
12235
12239
12241
12244
12248
12250
12253
12257
12259
12262
12266
12269
12272
12275
12278
12281
12285
12288
12292
12294
12298
12300
12302
12304
12307
12311
12313
12315
12318
12320
12322
12325
12327
12329
12331
12332
12334
12336
12338
12340
12342
12345
12349
12351
12355
12358
12361
12365
12368
12372
12374
12377
12380
12383
12386
12388
12390
12392
12394
12396
12398
12400
12402
12403
12405
12407
12410
12414
12416
12419
12422
12424
12427
12430
12434
12436
12439
12443
12445
12448
12452
12455
12456
12456
12456
12456
12456
12456
12456
12456
12456
12456
12456
12456
12456
12456
12456
12456
12456
12456
12456
12456
12456
12456
12456
12456
12456
12456
12456
12456
12456
12456
12456
12456
12456
12456
12456
12456
12456
