0
0
0
0
0
0
0
0
0
0
0
0
0
0
0
0
0
108
125
129
132
137
140
143
147
150
209
214
216
219
222
225
228
232
268
272
276
278
281
285
287
290
293
316
317
321
324
328
331
333
335
337
340
388
394
397
399
400
402
404
407
411
468
472
479
482
485
486
489
492
495
558
562
567
571
573
575
579
582
589
594
660
662
665
669
671
674
678
681
685
689
692
695
719
726
728
731
736
739
742
746
748
792
794
797
802
805
809
812
815
819
893
900
903
906
909
912
915
919
925
930
980
983
991
999
1003
1007
1011
1014
1018
1128
1135
1139
1142
1145
1149
1153
1165
1176
1180
1182
1285
1286
1289
1296
1300
1305
1308
1311
1314
1317
1343
1345
1346
1349
1353
1355
1358
1362
1365
1366
1402
1403
1407
1409
1413
1416
1419
1423
1426
1428
1429
1429
1429
1429
1429
1429
1429
1429
1429
1429
1429
1429
1429
1429
1429
1429
1429
1429
1429
1429
1429
1429
1429
1429
1429
1429
1429
1429
1429
1429
1466
1467
1468
1472
1475
1477
1481
1484
1487
1597
1599
1603
1605
1608
1612
1615
1617
1621
1624
1657
1660
1662
1666
1669
1674
1678
1683
1687
1703
1789
1799
1803
1808
1811
1867
1869
1872
1875
1879
1881
1884
1888
1890
1893
1897
1979
1985
1989
1992
1995
1998
2001
2004
2008
2053
2054
2057
2061
2067
2070
2073
2076
2080
2083
2102
2105
2109
2112
2115
2118
2121
2125
2128
2132
2167
2170
2173
2179
2182
2186
2190
2193
2213
2215
2218
2222
2225
2226
2231
2234
2237
2240
2277
2281
2284
2289
2292
2295
2298
2301
2305
2340
2344
2347
2350
2352
2355
2358
2361
2365
2395
2396
2400
2404
2406
2409
2414
2417
2420
2463
2468
2471
2475
2477
2482
2485
2488
2492
2494
2531
2534
2539
2543
2546
2549
2552
2557
2560
2561
2587
2592
2596
2599
2602
2605
2608
2610
2614
2616
2650
2651
2656
2660
2663
2666
2669
2672
2676
2679
2716
2721
2726
2730
2733
2735
2739
2741
2743
2787
2789
2796
2799
2802
2806
2809
2812
2815
2818
2854
2860
2863
2867
2869
2872
2876
2879
2880
2922
2927
2929
2934
2937
2940
2944
2947
2949
2953
2996
3000
3002
3006
3009
3012
3016
3019
3023
3025
3028
3053
3053
3060
3064
3067
3070
3073
3076
3079
3100
3102
3106
3110
3113
3115
3120
3122
3126
3130
3166
3173
3176
3180
3182
3185
3189
3192
3195
3236
3241
3244
3248
3250
3254
3258
3261
3264
3268
3270
3319
3324
3328
3331
3336
3339
3342
3345
3348
3351
3399
3405
3407
3409
3412
3416
3418
3421
3424
3427
3441
3442
3445
3448
3454
3458
3461
3464
3468
3503
3507
3511
3514
3517
3520
3524
3527
3531
3534
3615
3622
3625
3629
3631
3634
3638
3641
3644
3647
3675
3677
3679
3683
3687
3692
3695
3698
3700
3703
3707
3752
3754
3758
3764
3766
3769
3772
3775
3778
3830
3831
3835
3838
3839
3843
3846
3849
3853
3855
3858
3918
3921
3925
3928
3932
3935
3938
3955
3957
3960
3967
3969
3971
3974
3978
3982
4010
4011
4012
4014
4018
4030
4033
4037
4040
4042
4066
4069
4072
4074
4077
4080
4084
4086
4088
4091
4133
4134
4139
4141
4143
4145
4146
4149
4152
4156
4208
4209
4213
4216
4219
4222
4225
4229
4232
4252
4253
4255
4257
4261
4264
4266
4270
4272
4275
4279
4297
4298
4301
4304
4307
4310
4312
4315
4316
4319
4337
4339
4341
4345
4348
4351
4359
4361
4363
4365
4407
4407
4410
4413
4416
4420
4423
4424
4426
4429
4473
4474
4476
4488
4492
4495
4499
4502
4504
4508
4572
4572
4576
4579
4583
4586
4589
4593
4598
4607
4654
4657
4662
4666
4668
4673
4678
4681
4684
4687
4748
4755
4758
4761
4764
4771
4774
4777
4781
4784
4808
4809
4812
4815
4820
4825
4830
4833
4836
4838
4881
4881
4884
4887
4890
4892
4895
4899
4902
4941
4947
4951
4954
4958
4961
4963
4966
4969
5001
5007
5009
5012
5016
5024
5055
5057
5060
5064
5066
5070
5073
5077
5080
5099
5101
5103
5107
5112
5115
5123
5124
5126
5143
5178
5179
5197
5200
5204
5207
5210
5213
5216
5297
5299
5301
5304
5307
5309
5313
5316
5357
5360
5363
5367
5372
5375
5378
5380
5383
5425
5425
5428
5431
5435
5438
5441
5445
5448
5497
5499
5503
5505
5508
5511
5514
5517
5521
5524
5526
5568
5570
5573
5576
5606
5608
5611
5614
5616
5620
5622
5625
5628
5630
5632
5652
5652
5656
5658
5661
5662
5664
5666
5668
5669
5705
5707
5710
5712
5715
5717
5720
5722
5724
5741
5742
5744
5745
5748
5752
5755
5758
5761
5842
5844
5846
5847
5849
5851
5853
5855
5857
5860
5878
5880
5882
5885
5889
5891
5894
5898
5901
5952
5961
5964
5968
5970
5973
5977
5979
5982
6019
6019
6022
6026
6028
6031
6035
6038
6061
6063
6066
6070
6073
6075
6079
6082
6086
6121
6122
6124
6128
6131
6134
6136
6139
6143
6146
6211
6213
6216
6219
6223
6225
6228
6232
6235
6251
6252
6254
6257
6259
6260
6264
6267
6270
6288
6289
6293
6294
6297
6301
6304
6307
6311
6313
6362
6364
6366
6370
6373
6376
6380
6383
6385
6389
6409
6411
6413
6417
6420
6421
6425
6428
6432
6435
6437
6459
6460
6462
6466
6469
6472
6478
6481
6483
6519
6521
6523
6528
6530
6534
6538
6542
6544
6549
6607
6617
6619
6623
6626
6630
6636
6643
6646
6667
6669
6671
6675
6678
6683
6687
6690
6693
6696
6753
6758
6760
6763
6767
6770
6773
6776
6780
6823
6824
6827
6830
6834
6837
6840
6843
6844
6863
6864
6867
6870
6873
6876
6879
6882
6885
6928
6930
6933
6936
6940
6943
6946
6949
6952
6955
6966
6968
6971
6974
6987
6987
6991
6997
7000
7004
7007
7010
7013
7053
7055
7058
7060
7064
7067
7069
7073
7075
7093
7095
7097
7098
7100
7102
7105
7106
7108
7127
7130
7131
7134
7142
7146
7148
7151
7154
7156
7221
7222
7224
7225
7227
7229
7231
7233
7235
7236
7240
7263
7264
7268
7271
7273
7276
7277
7282
7289
7292
7310
7311
7313
7316
7319
7321
7323
7327
7330
7333
7434
7435
7438
7441
7443
7446
7450
7453
7456
7459
7523
7527
7533
7536
7539
7542
7545
7604
7606
7610
7613
7616
7619
7622
7625
7628
7650
7651
7654
7657
7660
7663
7666
7669
7706
7707
7708
7712
7714
7717
7721
7724
7726
7730
7772
7772
7776
7779
7782
7786
7788
7792
7795
7799
7840
7842
7845
7848
7852
7855
7857
7861
7864
7872
7873
7876
7879
7891
7893
7897
7899
7902
7906
7923
7924
7928
7932
7935
7937
7941
7943
7945
7984
7984
7986
7989
7992
7995
7997
7998
8001
8003
8020
8020
8023
8027
8030
8032
8036
8039
8040
8060
8061
8064
8065
8068
8071
8074
8077
8078
8080
8097
8098
8100
8102
8104
8106
8108
8110
8111
8129
8130
8132
8135
8137
8140
8142
8143
8146
8148
8168
8168
8172
8175
8179
8181
8184
8188
8191
8194
8197
8215
8216
8218
8220
8223
8226
8229
8233
8250
8252
8254
8257
8259
8262
8266
8269
8271
8275
8312
8314
8316
8319
8322
8326
8328
8331
8335
8338
8375
8377
8380
8383
8386
8389
8392
8396
8399
8402
8420
8421
8425
8428
8431
8434
8436
8438
8440
8442
8457
8458
8462
8464
8467
8469
8472
8475
8477
8496
8496
8500
8503
8506
8510
8512
8515
8519
8523
8526
8548
8549
8551
8553
8556
8559
8561
8564
8567
8570
8606
8608
8611
8612
8616
8619
8623
8626
8629
8632
8635
8653
8654
8656
8659
8663
8666
8667
8671
8674
8761
8769
8773
8776
8779
8781
8784
8788
8791
8794
8864
8865
8867
8869
8872
8877
8879
8882
8887
8891
8913
8916
8918
8921
8924
8930
8933
8937
8943
9075
9098
9105
9108
9111
9114
9118
9122
9144
9264
9284
9289
9292
9300
9307
9315
9320
9324
9423
9425
9429
9433
9436
9439
9442
9446
9449
9603
9606
9609
9613
9615
9619
9621
9625
9628
9632
9715
9716
9720
9723
9725
9729
9732
9736
9741
9743
9835
9852
9854
9857
9861
9864
9867
9870
9873
9880
10005
10026
10042
10044
10047
10049
10050
10052
10055
10057
10059
10062
10066
10068
10071
10075
10077
10081
10083
10085
10088
10090
10093
10097
10100
10103
10106
10107
10109
10112
10115
10119
10122
10125
10129
10131
10134
10138
10141
10144
10147
10150
10154
10156
10159
10163
10166
10170
10173
10174
10177
10180
10182
10185
10189
10191
10193
10195
10198
10201
10204
10207
10210
10212
10214
10218
10221
10225
10228
10232
10234
10237
10241
10244
10247
10251
10253
10257
10260
10262
10265
10267
10270
10273
10276
10279
10283
10286
10289
10291
10293
10295
10298
10301
10304
10307
10309
10312
10316
10319
10321
10322
10324
10326
10328
10330
10332
10333
10336
10339
10341
10344
10345
10347
10349
10352
10356
10359
10361
10365
10368
10371
10375
10378
10381
10382
10385
10388
10391
10394
10396
10398
10400
10402
10404
10406
10407
10410
10413
10416
10419
10421
10422
10424
10428
10431
10433
10435
10437
10440
10443
10445
10447
10449
10451
10453
10455
10458
10460
10462
10465
10468
10472
10475
10479
10482
10485
10488
10490
10493
10496
10498
10501
10504
10508
10510
10516
10518
10521
10523
10524
10526
10528
10532
10535
10537
10538
10540
10543
10546
10548
10550
10552
10553
10555
10571
10574
10577
10595
10597
10600
10604
10606
10609
10613
10616
10619
10622
10625
10631
10636
10639
10642
10645
10647
10649
10653
10656
10660
10663
10667
10670
10674
10676
10680
10683
10686
10690
10693
10696
10699
10702
10709
10715
10718
10722
10725
10727
10731
10734
10738
10741
10744
10747
10750
10756
10760
10772
10775
10778
10781
10784
10787
10790
10794
10804
10810
10814
10818
10821
10825
10828
10831
10834
10840
10844
10847
10850
10865
10868
10869
10878
10882
10885
10889
10892
10894
10898
10901
10905
10908
10911
10915
10920
10923
10927
10930
10932
10935
10938
10941
10944
10947
10950
10952
10955
10959
10962
10965
10968
10971
10974
10978
10982
10985
10988
10992
10994
10998
11001
11004
11008
11011
11013
11016
11020
11023
11026
11029
11032
11036
11039
11042
11046
11048
11052
11055
11058
11062
11065
11069
11072
11075
11078
11081
11083
11086
11090
11093
11094
11098
11101
11104
11107
11110
11113
11116
11119
11122
11125
11128
11131
11134
11136
11139
11143
11146
11149
11153
11156
11159
11162
11163
11166
11170
11173
11176
11178
11180
11182
11184
11186
11188
11190
11192
11193
11196
11200
11202
11205
11209
11212
11214
11218
11220
11220
11220
11220
11220
11220
11220
11220
11220
11220
11220
11220
11220
11220
11220
11220
11220
11220
11220
11220
11220
11220
11220
11220
11220
11220
11220
11220
11220
11220
11220
11220
11220
11220
11220
11220
11220
11220
11220
11220
11220
11220
11220
11220
11220
11220
11220
11220
11220
11220
11220
11220
11220
11220
11220
11220
11220
11220
11220
11220
11220
11220
11220
11220
11220
11220
11220
11220
11220
11220
11220
11220
