0
0
0
0
0
0
0
0
0
0
0
0
0
0
0
0
0
0
0
0
0
158
163
166
170
174
177
180
183
187
312
312
318
320
323
326
328
331
335
338
341
382
384
388
391
394
400
404
406
408
429
430
433
437
440
443
446
448
450
487
487
490
493
497
499
505
508
511
572
578
582
585
588
593
596
599
602
634
635
639
643
646
650
653
656
659
662
665
719
721
725
729
731
735
739
741
744
784
789
790
793
797
800
803
805
809
811
829
829
831
834
837
842
845
847
850
853
857
931
933
938
940
945
948
952
957
959
964
1038
1046
1050
1053
1056
1060
1062
1066
1071
1075
1169
1177
1180
1184
1190
1204
1209
1212
1217
1221
1224
1301
1302
1304
1308
1310
1317
1324
1326
1330
1338
1343
1346
1442
1446
1449
1452
1456
1462
1482
1492
1497
1501
1502
1506
1553
1555
1559
1562
1564
1567
1571
1584
1601
1659
1659
1666
1670
1675
1781
1788
1791
1795
1798
1801
1804
1807
1811
1814
1839
1840
1841
1844
1846
1849
1853
1856
1858
1862
1945
1948
1952
1955
1959
1961
1964
1968
1971
1974
1977
1993
1994
1997
2000
2003
2007
2010
2012
2047
2049
2052
2054
2056
2058
2060
2063
2066
2136
2137
2140
2141
2145
2148
2151
2155
2215
2217
2220
2222
2226
2229
2232
2236
2239
2242
2311
2315
2318
2322
2326
2335
2338
2342
2345
2348
2363
2365
2369
2372
2374
2378
2381
2384
2387
2403
2405
2409
2411
2414
2417
2420
2424
2449
2449
2453
2456
2458
2462
2465
2468
2472
2475
2522
2524
2528
2530
2533
2537
2540
2544
2545
2548
2552
2595
2595
2601
2604
2607
2610
2613
2616
2620
2691
2696
2704
2707
2709
2713
2715
2719
2722
2739
2740
2743
2745
2748
2757
2759
2764
2766
2784
2785
2788
2791
2794
2796
2798
2802
2805
2808
2828
2828
2831
2835
2836
2840
2843
2845
2847
2849
2865
2868
2871
2874
2875
2878
2880
2882
2886
2888
2937
2939
2942
2944
2945
2947
2949
2951
2953
2969
2971
2974
2976
2980
2983
2985
2989
2992
3038
3040
3043
3046
3048
3051
3054
3056
3059
3121
3122
3124
3127
3129
3131
3133
3135
3139
3142
3144
3195
3197
3200
3203
3206
3208
3210
3212
3213
3215
3233
3233
3237
3240
3243
3246
3248
3251
3255
3258
3270
3272
3275
3278
3281
3285
3288
3377
3379
3382
3384
3386
3388
3390
3392
3395
3396
3413
3414
3416
3418
3420
3422
3424
3428
3430
3446
3447
3450
3453
3456
3458
3460
3462
3479
3480
3484
3486
3490
3493
3496
3498
3500
3501
3545
3546
3548
3551
3553
3555
3556
3558
3562
3565
3583
3584
3586
3590
3591
3594
3598
3601
3604
3621
3621
3623
3627
3629
3631
3632
3634
3636
3638
3699
3700
3701
3703
3705
3706
3708
3711
3715
3718
3753
3754
3757
3760
3763
3766
3770
3772
3775
3779
3813
3814
3818
3821
3823
3827
3830
3833
3837
3839
3842
3863
3865
3868
3885
3887
3890
3894
3897
3900
3903
3906
3926
3928
3930
3933
3937
3939
3942
3946
3949
3952
3955
3982
3984
3986
3990
3993
3995
3998
4001
4004
4022
4022
4026
4029
4032
4035
4038
4041
4044
4046
4059
4059
4063
4067
4070
4071
4073
4091
4091
4094
4098
4100
4103
4106
4109
4112
4115
4132
4133
4135
4138
4142
4145
4148
4151
4154
4168
4169
4172
4175
4178
4182
4184
4187
4206
4208
4210
4214
4217
4219
4222
4225
4227
4244
4244
4246
4249
4251
4253
4254
4256
4258
4275
4276
4278
4280
4282
4285
4286
4290
4293
4296
4312
4313
4316
4318
4321
4323
4326
4329
4331
4369
4370
4373
4376
4379
4381
4384
4387
4389
4407
4407
4409
4411
4413
4414
4416
4418
4421
4424
4441
4441
4443
4446
4448
4451
4453
4457
4458
4461
4480
4480
4482
4486
4488
4491
4493
4495
4498
4514
4516
4519
4522
4525
4529
4532
4533
4537
4555
4556
4560
4564
4566
4569
4572
4576
4578
4580
4596
4598
4602
4605
4608
4611
4614
4617
4620
4622
4697
4698
4702
4704
4706
4743
4744
4746
4749
4750
4753
4755
4758
4760
4764
4785
4786
4789
4790
4792
4795
4798
4802
4804
4807
4810
4813
4832
4834
4837
4839
4842
4844
4847
4851
4852
4854
4937
4947
4950
4953
4956
4958
4961
4964
5005
5012
5014
5016
5019
5021
5025
5029
5033
5037
5060
5062
5065
5068
5072
5075
5078
5083
5086
5089
5184
5189
5194
5197
5201
5205
5209
5212
5216
5219
5223
5286
5288
5291
5293
5297
5303
5308
5314
5317
5389
5409
5411
5414
5418
5420
5422
5426
5428
5430
5487
5488
5490
5494
5498
5500
5504
5507
5510
5515
5580
5581
5587
5590
5592
5596
5599
5602
5606
5609
5647
5648
5653
5656
5659
5662
5664
5667
5669
5704
5717
5718
5722
5725
5728
5732
5735
5736
5740
5836
5843
5845
5848
5852
5855
5858
5861
5863
5951
5956
5957
5960
5964
5966
5968
5973
5976
5979
6062
6064
6068
6071
6074
6077
6082
6087
6186
6191
6195
6198
6201
6204
6209
6213
6216
6220
6222
6282
6283
6285
6288
6291
6294
6296
6299
6302
6339
6340
6343
6344
6347
6350
6354
6357
6360
6364
6400
6401
6404
6407
6411
6414
6417
6465
6465
6470
6472
6476
6479
6482
6485
6488
6522
6523
6527
6530
6534
6537
6541
6544
6546
6570
6571
6576
6581
6583
6587
6591
6594
6598
6602
6641
6644
6649
6650
6654
6657
6660
6664
6667
6669
6673
6766
6767
6771
6774
6777
6781
6783
6787
6789
6791
6863
6865
6868
6871
6873
6876
6880
6883
6886
6889
6892
6967
6972
6981
6984
6986
6990
6992
6996
6999
7002
7006
7045
7046
7050
7053
7056
7059
7062
7066
7098
7098
7102
7106
7112
7116
7118
7121
7125
7127
7215
7217
7221
7224
7227
7229
7232
7235
7238
7278
7280
7283
7286
7290
7293
7296
7300
7306
7377
7378
7382
7384
7387
7390
7393
7396
7398
7401
7405
7461
7462
7465
7468
7470
7474
7477
7481
7484
7486
7592
7593
7596
7600
7603
7606
7609
7612
7650
7651
7653
7655
7658
7661
7662
7666
7669
7672
7718
7718
7720
7723
7726
7729
7733
7736
7739
7741
7743
7828
7829
7833
7836
7839
7842
7845
7849
7851
7854
7872
7873
7875
7880
7882
7885
7888
7894
7898
7944
7949
7951
7956
7959
7962
7965
7968
7971
7975
7993
7995
7997
8000
8003
8006
8009
8012
8015
8017
8058
8059
8061
8066
8071
8074
8078
8080
8097
8098
8101
8105
8107
8110
8114
8117
8121
8140
8141
8144
8147
8150
8153
8156
8159
8162
8165
8166
8184
8185
8188
8190
8193
8195
8198
8201
8204
8207
8260
8261
8264
8266
8268
8271
8275
8278
8281
8308
8309
8313
8315
8317
8347
8348
8350
8353
8355
8357
8359
8360
8377
8378
8381
8385
8387
8390
8393
8396
8399
8416
8418
8420
8423
8426
8428
8431
8434
8437
8454
8456
8459
8461
8462
8464
8466
8468
8470
8488
8488
8490
8493
8497
8500
8503
8506
8509
8512
8546
8547
8550
8553
8556
8559
8562
8565
8604
8604
8606
8610
8613
8616
8619
8621
8624
8646
8647
8649
8653
8657
8659
8661
8663
8665
8684
8686
8688
8692
8695
8697
8700
8702
8705
8707
8709
8726
8727
8729
8732
8734
8738
8740
8743
8746
8765
8766
8768
8770
8772
8775
8777
8779
8782
8785
8800
8802
8805
8809
8811
8815
8818
8821
8825
8860
8861
8865
8868
8871
8874
8877
8880
8882
8884
8888
8904
8905
8908
8911
8915
8962
8963
8967
8971
8972
8975
8979
8982
8985
8989
9019
9020
9023
9026
9030
9033
9035
9039
9042
9045
9048
9082
9083
9086
9089
9093
9096
9099
9103
9106
9109
9112
9157
9158
9162
9170
9175
9205
9207
9209
9212
9216
9219
9221
9224
9228
9231
9304
9305
9308
9312
9315
9317
9321
9324
9327
9349
9350
9351
9354
9356
9359
9360
9363
9367
9370
9373
9391
9392
9395
9398
9400
9403
9407
9409
9412
9414
9430
9431
9432
9434
9436
9437
9439
9441
9444
9486
9486
9487
9491
9494
9497
9500
9503
9506
9524
9525
9529
9532
9535
9538
9541
9544
9547
9549
9599
9600
9601
9604
9607
9610
9614
9617
9635
9637
9640
9642
9645
9649
9651
9653
9656
9659
9661
9664
9680
9680
9683
9686
9688
9690
9692
9693
9695
9711
9712
9714
9716
9720
9721
9723
9725
9727
9729
9747
9749
9752
9755
9757
9760
9762
9764
9766
9768
9787
9789
9791
9792
9795
9797
9800
9803
9804
9806
9824
9824
9826
9828
9831
9835
9838
9840
9842
9843
9860
9861
9863
9865
9867
9869
9871
9873
9875
9893
9894
9897
9900
9903
9904
9907
9910
9912
9914
9931
9933
9935
9938
9940
9943
9946
9949
9951
9954
9957
9973
9975
9979
9982
9986
9988
9991
9994
9997
10016
10017
10019
10023
10026
10029
10033
10035
10038
10042
10053
10054
10056
10058
10061
10063
10066
10120
10122
10126
10128
10131
10133
10135
10139
10142
10143
10161
10162
10163
10167
10170
10173
10175
10177
10179
10183
10200
10201
10202
10205
10207
10210
10212
10215
10218
10220
10240
10241
10242
10246
10249
10251
10255
10258
10260
10262
10263
10279
10280
10282
10285
10289
10291
10294
10297
10299
10317
10318
10319
10321
10324
10327
10330
10331
10334
10336
10338
10377
10378
10381
10384
10385
10389
10391
10393
10396
10399
10402
10455
10455
10458
10462
10465
10467
10471
10474
10477
10480
10483
10486
10536
10537
10540
10543
10546
10547
10549
10553
10556
10559
10603
10603
10607
10610
10613
10615
10618
10621
10624
10643
10644
10647
10651
10653
10656
10660
10662
10664
10667
10728
10729
10730
10733
10736
10738
10741
10745
10748
10751
10755
10758
10762
10764
10768
10770
10773
10777
10780
10783
10786
10787
10791
10794
10797
10801
10804
10807
10810
10813
10816
10820
10823
10826
10830
10833
10835
10839
10842
10845
10849
10852
10854
10858
10861
10864
10868
10871
10875
10877
10881
10884
10887
10890
10893
10896
10899
10901
10903
10907
10910
10913
10917
10920
10922
10926
10929
10932
10936
10939
10940
10944
10947
10950
10953
10956
10959
10963
10965
10968
10972
10975
10978
10982
10985
10989
10991
10994
10997
11000
11003
11006
11010
11013
11016
11019
11021
11024
11026
11028
11031
11032
11034
11037
11040
11042
11044
11045
11047
11049
11051
11053
11055
11056
11058
11060
11063
11066
11070
11073
11076
11079
11082
11086
11089
11092
11096
11098
11101
11105
11108
11110
11114
11116
11119
11123
11126
11128
11130
11133
11134
11136
11138
11140
11142
11143
11145
11147
11149
11151
11153
11154
11156
11158
11161
11164
11165
11168
11172
11175
11177
11181
11184
11188
11191
11194
11196
11197
11201
11203
11206
11207
11207
11207
11207
11207
11207
11207
11207
11207
11207
11207
11207
11207
11207
11207
11207
11207
11207
11207
11207
11207
11207
11207
11207
11207
11207
11207
11207
11207
11207
11207
11207
11207
11207
11207
11207
11207
11207
11207
11207
11207
11207
11207
11207
11207
11207
11207
11207
11207
11207
11207
11207
11207
11207
11207
11207
11207
11207
11207
11207
11207
11207
11207
11207
11207
11207
11207
11207
11207
11207
11207
11207
11207
11207
11207
11207
11207
11207
11207
11207
11207
11207
11207
11207
11207
11207
11207
11207
11207
11207
11207
11207
11207
11207
11207
11207
11207
11207
11207
11207
11207
11207
11207
11207
11207
11207
11207
11207
11207
11207
11207
11207
11207
11207
11207
11207
11207
11207
11207
11207
11207
11207
11207
11207
11207
11207
11207
11207
11207
11207
11207
11207
11207
11207
11207
11207
11207
11207
11207
11207
11207
11207
11207
11207
11207
11207
11207
11207
11207
11207
11207
11207
11207
11207
11207
11207
11207
11207
11207
11207
11207
11207
11207
11207
11207
11207
11207
11207
11207
11207
11207
11207
11207
11207
11207
11207
11207
11207
11207
11207
11207
11207
11207
11207
11207
11207
11207
11207
11207
11207
11207
11207
11207
11207
11207
11207
11207
11207
11207
11207
11207
11207
11207
11207
11207
11207
11207
11207
11207
11207
11207
11207
11207
11207
11207
11207
11207
11207
11207
11207
11207
11207
11207
11207
11207
11207
11207
11207
11207
11207
11207
11207
11207
11207
11207
11207
11207
11207
11207
11207
11207
11207
11207
11207
11207
11207
11207
11207
11207
11207
11207
