73.500000 30.000000 1.206000 0.000000 -0.000000 -0.000000 0.000000
73.500000 30.000000 0.982560 0.000000 -0.000000 -0.000000 0.080000
73.500000 30.000000 0.773820 -0.000000 -0.000000 -0.000000 0.140000
73.500000 30.000000 0.572920 -0.000000 -0.000000 -0.000000 0.190000
73.500000 30.000000 0.347520 -0.000000 -0.000000 -0.000000 0.240000
73.500008 29.999998 0.554009 -0.000000 -0.000001 -0.000000 14.390000
73.500008 29.999996 0.756522 -0.000001 -0.000001 -0.000000 14.620000
73.500008 29.999996 0.956966 -0.000000 -0.000001 -0.000000 14.820000
73.500008 29.999996 1.159302 -0.000000 -0.000001 -0.000000 15.010000
73.500008 29.999996 1.367239 -0.000000 -0.000001 -0.000000 15.200000
73.500008 29.999996 1.576953 -0.000000 -0.000000 -0.000000 15.390000
73.500008 29.999996 1.785106 0.000000 0.000000 -0.000000 15.580000
73.500008 29.999998 1.989890 0.000000 0.000000 -0.000000 15.770000
73.500008 29.999998 2.190430 0.000000 0.000000 -0.000000 15.960000
73.500008 29.999998 2.394971 -0.000000 -0.000000 0.000000 16.170000
73.500000 29.999998 2.188534 0.000000 0.000001 0.000000 17.260000
73.500000 29.999998 1.977187 0.000000 0.000001 0.000000 17.450001
73.500008 29.999998 1.773548 -0.000008 0.000009 0.000002 17.620001
73.500008 30.000002 1.564403 -0.000022 0.000023 0.000015 17.790001
73.500015 30.000010 1.355238 0.000021 -0.000021 0.000026 17.959999
73.500381 30.000011 1.154272 -0.000001 0.019507 0.000033 18.129999
73.510719 30.000023 0.949552 -0.000211 0.085587 0.000033 18.330000
73.578217 30.000208 0.756961 -0.000706 0.123464 0.000024 18.590000
73.749435 30.000990 0.641656 -0.000847 0.112648 0.000068 18.879999
73.955498 30.002142 0.609258 -0.000519 0.051550 0.000204 19.120001
74.159706 30.003407 0.612145 0.000095 -0.052463 0.000391 19.340000
74.361923 30.004745 0.638560 0.001022 -0.107758 0.000584 19.610001
74.358711 29.984110 0.841099 0.019487 -0.062375 -0.011757 20.510000
74.218094 29.957254 0.991607 0.016161 -0.023466 -0.026236 20.760000
74.086891 29.926561 1.151501 0.018771 -0.019814 -0.044427 20.980000
73.951340 29.888617 1.304834 0.043133 -0.038420 -0.067576 21.200001
73.802353 29.830065 1.434209 0.094283 0.045665 -0.090781 21.430000
73.663162 29.712608 1.531287 0.106029 0.097415 -0.122207 21.690001
73.580063 29.533607 1.578349 0.077796 0.093081 -0.162265 21.950001
73.549942 29.327425 1.587962 0.057966 0.069094 -0.202597 22.190001
73.549782 29.124779 1.579865 0.042157 0.043811 -0.238819 22.400000
73.562439 28.921062 1.564901 0.029320 0.023086 -0.273486 22.600000
73.580109 28.714027 1.547754 0.004244 0.002976 -0.308015 22.799999
73.598175 28.513914 1.531455 -0.009819 0.002644 -0.342003 23.000000
73.619949 28.306931 1.516558 0.004069 0.018648 -0.378901 23.219999
73.647308 28.107126 1.506043 -0.001193 0.012775 -0.414724 23.440001
73.680893 27.905331 1.499764 0.014252 0.021739 -0.451082 23.670000
73.719185 27.703854 1.497370 0.022561 0.024318 -0.486443 23.900000
73.759155 27.506441 1.497664 0.027354 0.025653 -0.519475 24.120001
73.801102 27.302397 1.499426 0.028229 0.023471 -0.551964 24.340000
73.841110 27.101828 1.501621 0.028175 0.012602 -0.582595 24.549999
73.877327 26.897852 1.503767 0.029870 0.008932 -0.612747 24.760000
73.907616 26.692430 1.505482 0.016239 -0.003088 -0.642829 24.969999
73.931541 26.491213 1.506587 0.017430 0.003239 -0.672262 25.180000
73.951630 26.283720 1.507280 0.021675 0.013752 -0.702959 25.400000
73.969002 26.075291 1.507684 0.021356 0.018659 -0.733803 25.620001
73.984528 25.875137 1.507678 0.005190 0.011036 -0.763202 25.830000
74.002434 25.669416 1.507623 0.001750 0.027168 -0.793734 26.049999
74.027245 25.464882 1.507515 0.003167 0.035578 -0.824196 26.270000
74.060654 25.257982 1.507587 0.004798 0.034989 -0.854817 26.490000
74.099251 25.057726 1.507733 0.004548 0.027107 -0.884263 26.700001
74.141602 24.857782 1.507712 0.000651 0.010970 -0.913591 26.910000
74.186798 24.653809 1.507601 0.005260 0.017032 -0.944223 27.129999
74.232376 24.452251 1.507477 0.010795 0.026647 -0.974921 27.350000
74.278282 24.248577 1.507340 0.011652 0.023596 -1.005823 27.570000
74.321198 24.052059 1.507323 0.014918 0.024320 -1.035445 27.780001
74.361946 23.852961 1.507454 0.016499 0.027500 -1.065281 27.990000
74.400208 23.650492 1.507631 0.014149 0.024285 -1.095453 28.200001
74.436035 23.445972 1.507769 0.011434 0.024181 -1.125761 28.410000
74.470184 23.240009 1.508088 0.009373 0.027527 -1.156311 28.620001
74.502014 23.042244 1.508346 0.006460 0.023174 -1.185628 28.820000
74.533371 22.844683 1.508519 0.001588 0.002971 -1.214929 29.020000
74.565399 22.639658 1.508142 -0.010952 -0.076137 -1.245180 29.240000
74.595535 22.439556 1.507334 -0.020160 -0.138643 -1.279277 29.530001
74.577667 22.241669 1.471260 0.054954 0.130339 -1.333238 30.459999
74.537766 22.045115 1.434523 0.039988 0.102546 -1.351264 30.750000
74.500198 21.846220 1.400247 0.021131 0.062736 -1.367945 30.969999
74.464485 21.646585 1.369961 0.003045 0.039703 -1.384697 31.170000
74.431908 21.440552 1.344427 -0.006153 0.029157 -1.403528 31.370001
74.404922 21.233999 1.325260 -0.010905 0.007894 -1.424466 31.570000
74.383774 21.033785 1.312580 -0.009513 0.007337 -1.447724 31.770000
74.366844 20.830820 1.305332 -0.005474 0.009535 -1.474246 31.980000
74.353210 20.625883 1.303651 -0.010729 -0.003178 -1.502007 32.200001
74.345245 20.422922 1.308678 -0.019294 0.020698 -1.527490 32.430000
74.347504 20.222061 1.319778 -0.018702 0.018743 -1.545573 32.660000
74.359360 20.021919 1.335304 -0.014868 0.023895 -1.555725 32.889999
74.379234 19.811525 1.354647 -0.009635 0.028815 -1.557627 33.130001
74.401840 19.606953 1.373304 0.007413 0.020490 -1.553187 33.360001
74.419899 19.401609 1.389161 0.022078 0.035361 -1.547055 33.590000
74.426910 19.200298 1.400284 0.020819 0.010305 -1.542939 33.810001
74.424332 18.993864 1.407686 0.008426 0.010895 -1.539216 34.040001
74.417709 18.792271 1.411557 -0.001336 0.031334 -1.536289 34.270000
74.412415 18.586506 1.413157 -0.005962 0.034238 -1.534361 34.500000
74.410881 18.383581 1.413656 -0.006754 0.037542 -1.533316 34.720001
74.413063 18.175098 1.413552 -0.005040 0.006691 -1.532810 34.939999
74.417419 17.972151 1.412597 0.001393 0.009758 -1.534088 35.160000
74.421440 17.756962 1.409555 0.005882 0.024745 -1.538670 35.400002
74.422600 17.550901 1.404827 0.006570 0.014691 -1.546139 35.630001
74.420677 17.346867 1.398620 0.005550 0.031161 -1.555120 35.860001
74.416306 17.139536 1.391417 0.003614 0.017394 -1.564602 36.090000
74.410393 16.932806 1.383643 0.002142 0.023530 -1.571821 36.320000
74.403687 16.725357 1.375577 -0.000281 0.029164 -1.574603 36.549999
74.398026 16.523167 1.369948 -0.009593 0.035077 -1.572573 36.770000
74.396889 16.315432 1.368571 -0.014401 0.030928 -1.565994 36.990002
74.401955 16.114561 1.371367 -0.013021 0.010967 -1.556735 37.200001
74.412987 15.908232 1.378268 -0.010098 0.019600 -1.547675 37.419998
74.428177 15.704080 1.387875 -0.002326 0.018350 -1.541040 37.639999
74.443855 15.501363 1.397969 0.007591 0.026627 -1.537750 37.860001
74.455864 15.296881 1.407049 0.011421 0.020743 -1.538217 38.080002
74.462471 15.092917 1.414121 0.010752 0.015529 -1.541615 38.299999
74.464073 14.891354 1.419084 0.008191 0.023421 -1.546839 38.520000
74.461922 14.684606 1.421836 0.003637 -0.053586 -1.554027 38.750000
74.456665 14.484653 1.421719 -0.001151 -0.106474 -1.562858 39.029999
74.558220 14.318240 1.478642 -0.130370 0.057528 -1.566031 40.040001
74.745499 14.250563 1.500108 -0.102253 0.054395 -1.542202 40.330002
