0
0
0
0
0
0
0
0
0
0
0
0
0
0
36
112
114
119
121
124
241
243
243
245
246
247
249
357
358
359
361
363
364
365
367
368
369
371
443
443
445
446
447
526
526
528
529
531
456
458
459
460
462
476
545
545
547
548
550
551
552
554
569
594
595
597
598
599
600
601
601
617
653
655
656
657
659
660
661
663
664
665
684
704
706
707
708
710
711
712
714
715
715
731
752
753
755
756
757
759
760
761
780
809
811
812
813
815
816
817
818
819
821
836
837
838
839
841
842
843
845
846
860
892
893
895
895
897
898
899
901
902
937
938
939
940
942
943
944
946
947
948
987
990
992
993
995
996
808
811
812
828
829
831
832
835
836
837
839
859
888
889
891
892
893
895
896
897
899
900
917
944
946
948
951
952
954
958
961
981
1044
1048
1050
1051
1052
1054
1057
1060
1062
1063
1080
1154
1156
1157
1159
1160
1161
1163
1164
1167
1174
1190
1216
1218
1219
1221
1222
1223
1225
1226
1228
1243
1287
1289
1290
1291
1293
1294
1295
1297
1313
1339
1341
1341
1341
1342
1344
1345
1347
1366
1382
1384
1386
1387
1389
1390
1391
1393
1394
1409
1415
1416
1417
1418
1420
1421
1422
1424
1229
1295
1296
1297
1299
1300
1301
1303
1304
1305
1306
1324
1324
1326
1327
1328
1329
1329
1330
1332
1333
1350
1350
1351
1353
1354
1355
1355
1355
1356
1374
1374
1374
1374
1375
1375
1376
1377
1377
1378
1394
1395
1397
1398
1399
1401
1402
1403
1403
1403
1419
1420
1421
1422
1424
1424
1426
1429
1432
1449
1450
1452
1456
1459
1462
1466
1468
1471
1475
1478
1494
1511
1513
1516
1519
1522
1524
1528
1544
1566
1568
1571
1574
1577
1579
1583
1586
1589
1608
1620
1622
1625
1629
1631
1634
1638
1640
1657
1659
1662
1425
1427
1428
1429
1431
1431
1432
1445
1445
1446
1448
1449
1450
1451
1452
1470
1471
1473
1474
1476
1477
1478
1480
1480
1481
1522
1523
1524
1526
1527
1528
1529
1530
1531
1533
1534
1550
1552
1555
1559
1561
1564
1567
1569
1570
1573
1588
1591
1594
1598
1601
1604
1607
1610
1613
1632
1640
1644
1646
1649
1653
1655
1658
1661
1664
1667
1685
1687
1690
1694
1696
1699
1703
1706
1709
1712
1728
1729
1733
1735
1739
1742
1745
1747
1749
1751
1768
1770
1773
1777
1780
1782
1786
1789
1792
1809
1810
1813
1816
1819
1571
1573
1574
1574
1576
1617
1617
1619
1620
1621
1622
1623
1623
1624
1625
1639
1661
1662
1663
1665
1666
1668
1669
1670
1687
1688
1690
1691
1692
1693
1694
1695
1697
1698
1714
1714
1715
1716
1716
1718
1719
1720
1722
1723
1738
1739
1740
1742
1743
1744
1745
1746
1748
1749
1765
1766
1767
1768
1769
1770
1771
1773
1774
1775
1786
1786
1788
1789
1791
1792
1793
1811
1817
1819
1820
1822
1823
1824
1826
1827
1828
1844
1844
1846
1847
1849
1849
1849
1851
1852
1853
1854
1864
1866
1868
1869
1869
1871
1872
1890
1659
1660
1662
1664
1667
1670
1674
1676
1677
1697
1698
1701
1704
1708
1711
1714
1717
1719
1738
1739
1741
1744
1748
1750
1753
1756
1759
1761
1765
1781
1783
1786
1790
1793
1795
1799
1802
1805
1823
1823
1825
1828
1831
1834
1837
1841
1843
1861
1863
1865
1868
1872
1875
1876
1880
1883
1886
1890
1908
1910
1913
1916
1918
1921
1924
1926
1929
1933
1944
1944
1948
1951
1954
1957
1975
1975
1978
1981
1984
1986
1988
1991
1994
1996
2016
2018
2020
2023
2026
2028
2031
2034
2036
2039
2042
2044
2063
2065
2069
2072
1762
1764
1764
1765
1767
1768
1768
1777
1777
1778
1780
1780
1797
1798
1799
1799
1800
1802
1802
1803
1804
1805
1805
1822
1823
1823
1825
1826
1827
1829
1830
1830
1832
1833
1850
1851
1851
1852
1853
1853
1853
1853
1853
1854
1855
1872
1872
1873
1874
1875
1876
1877
1877
1879
1880
1895
1895
1896
1898
1898
1898
1898
1898
1900
1915
1915
1916
1916
1916
1917
1918
1919
1921
1937
1938
1939
1940
1940
1940
1940
1940
1942
1943
1958
1959
1960
1961
1961
1962
1963
1963
1965
2001
2001
2002
2003
2006
2010
2013
2016
1760
1762
1777
1812
1813
1814
1816
1817
1818
1820
1821
1822
1856
1857
1859
1860
1861
1862
1864
1865
1867
1868
1869
1885
1932
1933
1935
1936
1938
1942
1943
1946
1947
1987
1989
1990
1992
1993
1994
1997
1998
2014
2072
2073
2075
2076
2078
2080
2081
2083
2086
2125
2129
2133
2135
2146
2153
2155
2157
2158
2159
2161
2180
2255
2257
2258
2259
2261
2262
2263
2265
2269
2271
2288
2415
2417
2419
2420
2424
2426
2427
2428
2429
2444
2450
2451
2452
2453
2455
2456
2456
2458
2475
2495
2498
2499
2500
2503
2505
2506
2204
2207
2228
2281
2283
2286
2290
2293
2308
2317
2318
2322
2324
2340
2360
2361
2363
2365
2366
2369
2375
2379
2381
2399
2409
2411
2413
2414
2415
2417
2418
2420
2421
2436
2455
2456
2457
2459
2460
2463
2465
2466
2482
2483
2484
2486
2487
2488
2490
2491
2509
2510
2511
2513
2514
2515
2517
2518
2519
2521
2535
2554
2556
2557
2558
2560
2561
2562
2579
2596
2598
2600
2601
2603
2604
2605
2607
2619
2650
2652
2653
2654
2658
2659
2678
2750
2751
2753
2754
2756
2757
2758
2760
2761
2762
2780
2800
2801
2803
2804
2521
2523
2524
2525
2527
2544
2573
2575
2576
2577
2579
2580
2581
2583
2584
2600
2699
2700
2701
2703
2704
2705
2707
2708
2709
2726
2744
2744
2745
2747
2748
2749
2751
2752
2754
2765
2829
2830
2832
2833
2834
2850
2870
2872
2873
2874
2876
2877
2878
2880
2881
2882
2916
2917
2918
2920
2921
2922
2924
2925
2926
2928
2935
2978
2979
2980
2999
3014
3016
3017
3018
3020
3021
3022
3024
3025
3026
3044
3071
3072
3072
3072
3072
3072
3072
3073
3074
3075
3093
3094
3095
3096
3097
3098
3100
3101
3102
3104
3120
3161
2898
2899
2900
2902
2903
2903
2905
2906
2921
2922
2922
2923
2925
2926
2927
2929
2930
2944
2961
2962
2964
2965
2967
2968
2968
2981
3012
3014
3015
3016
3017
3018
3019
3035
3044
3045
3046
3047
3048
3049
3050
3052
3067
3067
3068
3069
3070
3072
3073
3074
3076
3077
3087
3088
3090
3091
3093
3094
3111
3111
3113
3114
3115
3116
3117
3117
3119
3120
3121
3138
3139
3140
3142
3143
3144
3146
3147
3148
3150
3161
3162
3163
3164
3165
3167
3168
3169
3183
3184
3185
3186
3186
3187
3189
3190
3191
3209
3209
3210
3212
3015
3016
3018
3019
3020
3020
3038
3038
3040
3042
3045
3049
3052
3055
3058
3061
3078
3091
3094
3098
3101
3102
3106
3109
3112
3116
3132
3135
3138
3141
3144
3148
3151
3153
3156
3174
3205
3207
3209
3212
3215
3219
3222
3223
3242
3243
3245
3248
3252
3254
3256
3259
3261
3265
3281
3283
3284
3286
3290
3293
3296
3299
3302
3304
3322
3351
3353
3357
3360
3363
3365
3367
3369
3371
3388
3436
3440
3443
3446
3449
3450
3453
3456
3459
3473
3494
3498
3500
3502
3504
3507
3515
3535
3618
3621
3625
3628
3631
3635
3637
3318
3320
3340
3368
3370
3371
3373
3374
3375
3377
3378
3379
3399
3439
3440
3443
3444
3446
3447
3449
3451
3452
3454
3472
3484
3486
3488
3490
3491
3492
3494
3495
3496
3498
3564
3566
3567
3569
3571
3576
3581
3582
3583
3601
3641
3643
3644
3646
3651
3654
3662
3663
3664
3666
3681
3765
3767
3768
3770
3773
3779
3781
3782
3783
3784
3865
3866
3868
3869
3872
3875
3877
3878
3894
3895
3896
3898
3898
3898
3898
3898
3898
3899
3963
3964
3966
3967
3969
3970
3971
3972
3973
3975
3976
3992
4054
4057
4058
4058
4060
3754
3755
3757
3758
3776
3868
3870
3872
3874
3875
3876
3878
3879
3880
3901
3911
3918
3920
3921
3922
3924
3927
3929
3946
4015
4018
4019
4021
4022
4024
4026
4027
4029
4045
4072
4074
4075
4077
4078
4079
4081
4082
4099
4126
4130
4131
4133
4134
4136
4138
4139
4157
4162
4163
4165
4166
4168
4169
4171
4173
4190
4222
4223
4225
4226
4227
4230
4231
4232
4251
4256
4257
4259
4260
4262
4263
4265
4267
4268
4286
4307
6912
6921
6923
6925
6926
6927
6928
6929
6930
6932
6933
6934
6936
6936
6936
6936
6936
6937
6939
6275
6277
6295
6295
6296
6297
6298
6299
6301
6302
6303
6305
6306
6309
6328
6334
6335
6336
6339
6340
6342
6344
6345
6361
6362
6364
6365
6366
6368
6369
6371
6373
6391
6413
6415
6417
6418
6426
6428
6429
6430
6432
6434
6450
6450
6452
6453
6454
6457
6457
6458
6461
6462
6463
6502
6503
6504
6506
6507
6509
6513
6515
6517
6535
6535
6535
6535
6535
6535
6535
6535
6536
6540
6542
6543
6544
6546
6547
6548
6550
6551
6552
6554
6555
6555
6556
6556
6557
6557
6558
6559
6561
6562
6564
6565
6567
6568
6570
6571
6572
6196
6205
6206
6208
6210
6211
6213
6214
6215
6217
6218
6219
6221
6222
6223
6225
6226
6228
6229
6230
6232
6233
6234
6236
6237
6238
6240
6241
6242
6244
6245
6247
6248
6249
6251
6252
6253
6255
6256
6257
6259
6260
6261
6263
6264
6265
6267
6268
6269
6271
6272
6273
6275
6276
6278
6280
6281
6283
6284
6285
6287
6288
6291
6293
6294
6296
6297
6298
6300
6301
6302
6304
6305
6306
6308
6309
6310
6312
6313
6314
6316
6317
6318
6320
6321
6322
6324
6325
6327
6328
6329
6331
6332
6333
6335
6336
6337
6339
6340
6342
6076
6077
6077
6078
6079
6081
6082
7324
7326
7327
7328
7330
7331
7332
7334
7335
7336
7338
7339
7341
7342
7343
7345
7346
7347
7349
7350
7352
7353
7354
7356
7357
7358
7360
7362
7363
7365
7248
7250
7250
7251
7253
7254
7255
7256
7256
7257
7257
7257
7258
7258
7259
7260
7261
7263
7263
7265
7266
7266
7266
7266
7267
7268
7269
7271
7272
7273
7275
7277
7278
7280
7281
7282
7284
7285
7286
7288
7289
7290
7292
7293
7294
7296
7297
7298
7300
7301
7301
7303
6985
6986
6988
6989
6990
6992
6993
6994
6996
6997
6548
6549
6550
6551
6553
6554
6555
6557
6558
6559
6561
6562
6564
6565
6566
6568
6569
6571
6572
6573
6575
6576
6577
6579
6580
6581
6583
6584
6585
6587
6588
6588
6590
6591
6591
6591
6591
6591
6591
6591
6591
6591
6591
6591
6591
6591
6591
6591
6591
6591
6591
6591
