0.000000 0.000000 0.000000 0.370000
33.703999 0.000000 0.000000 0.380000
33.703999 0.000000 0.000000 0.850000
33.703999 0.000000 0.000000 1.360000
34.175999 0.000000 0.000000 1.360000
34.175999 0.000000 0.000000 1.860000
34.175999 0.000000 0.000000 2.370000
34.231998 0.000000 0.000000 2.420000
34.231998 0.000000 0.000000 2.850000
34.231998 0.000000 0.000000 3.370000
34.264000 0.000000 0.000000 3.380000
34.264000 0.000000 0.000000 3.850000
53.720001 0.000000 0.000000 4.400000
53.751999 0.000000 0.000000 4.400000
53.751999 0.000000 0.000000 4.860000
53.751999 0.000000 0.000000 5.390000
53.751999 0.000000 0.000000 5.400000
53.751999 0.000000 0.000000 5.850000
53.751999 0.000000 0.000000 6.390000
53.751999 0.000000 0.000000 6.400000
53.751999 0.000000 0.000000 6.850000
53.751999 0.000000 0.000000 7.390000
53.751999 0.000000 0.000000 7.400000
53.751999 0.000000 0.000000 7.850000
53.751999 0.000000 0.000000 8.390000
53.751999 0.000000 0.000000 8.400000
53.751999 0.000000 0.000000 8.850000
53.967999 0.000000 0.000000 9.390000
53.976002 0.000000 0.000000 9.390000
73.912003 0.000000 0.000000 9.860000
74.160004 0.000000 0.000000 10.380000
74.176003 0.000000 0.000000 10.400000
74.311996 0.000000 0.000000 10.870000
74.367996 0.000000 0.000000 11.390000
74.431999 0.000000 0.000000 11.390000
74.512001 0.000000 0.000000 11.860000
74.528000 0.000000 0.000000 12.380000
74.568001 0.000000 0.000000 12.380000
74.575996 0.000000 0.000000 12.860000
74.608002 0.000000 0.000000 13.390000
74.632004 0.000000 0.000000 13.400000
74.648003 0.000000 0.000000 13.870000
74.655998 0.000000 0.000000 14.390000
74.664001 0.000000 0.000000 14.390000
74.664001 0.000000 0.000000 14.850000
74.695999 0.413150 0.000000 15.390000
103.311996 0.413150 0.000000 15.410000
103.311996 0.822554 0.000000 15.860000
105.584000 1.442863 0.000000 16.389999
122.912003 1.442863 0.000000 16.389999
122.928001 1.850114 0.000000 16.850000
133.128006 2.054822 0.000000 17.400000
151.167999 2.054822 0.000000 17.400000
152.128006 2.054822 0.000000 17.879999
158.735992 2.668238 0.000000 18.410000
169.983994 2.876412 0.000000 18.430000
183.768005 3.288672 0.000000 18.870001
186.960007 3.694166 0.000000 19.379999
193.455994 3.694166 0.000000 19.379999
201.024002 4.103870 0.000000 19.889999
203.479996 4.514874 0.000000 20.379999
210.815994 4.514874 612.458374 20.379999
216.063995 4.716504 612.458374 20.860001
220.151993 4.716504 612.458374 21.360001
227.815994 4.716504 612.458374 21.360001
230.992004 5.126426 612.458374 21.870001
235.783997 5.731932 612.458374 22.400000
239.656006 5.731932 612.458374 22.400000
245.615997 6.152889 612.458374 22.860001
249.992004 6.577029 612.458374 23.370001
253.048004 6.577029 612.458374 23.370001
258.944000 6.990065 612.458374 23.870001
262.679993 7.596769 612.458374 24.430000
264.791992 7.596769 612.458374 24.430000
269.832001 8.001323 612.458374 24.860001
271.447998 8.403468 612.458374 25.379999
274.272003 8.403468 612.458374 25.379999
278.183990 9.008736 612.458374 25.900000
280.432007 9.418058 612.458374 26.410000
281.648010 9.418058 612.458374 26.410000
285.687988 9.823907 612.458374 26.850000
289.127991 10.232195 612.458374 27.420000
290.488007 10.232195 612.458374 27.420000
294.048004 10.647222 612.458374 27.889999
295.447998 11.257592 612.458374 28.430000
299.088013 11.257592 612.458374 28.430000
307.463989 11.665905 612.458374 28.870001
309.664001 12.077986 612.458374 29.450001
311.359985 12.077986 612.458374 29.450001
328.552002 12.480985 612.458374 29.879999
331.575989 12.681812 408.073639 30.400000
333.239990 12.681812 408.073639 30.400000
349.799988 12.884844 408.073639 30.900000
351.040009 13.087196 408.073639 31.379999
355.032013 13.087196 408.073639 31.379999
363.631989 13.490690 408.073639 31.860001
364.903992 13.902483 408.073639 32.410000
368.799988 13.902483 408.073639 32.410000
371.640015 14.313652 408.073639 32.860001
377.264008 14.929979 408.073639 33.369999
378.191986 14.929979 408.073639 33.369999
380.440002 15.344373 408.073639 33.869999
381.592010 15.757330 408.073639 34.389999
394.872009 15.757330 408.073639 34.389999
396.351990 16.369293 408.073639 34.910000
397.343994 16.771023 408.073639 35.369999
407.760010 16.771023 408.073639 35.369999
409.351990 17.179035 408.073639 35.869999
410.303986 17.585995 408.073639 36.410000
419.735992 17.585995 408.073639 36.410000
420.888000 17.999123 408.073639 36.910000
426.391998 18.412596 408.073639 37.389999
427.399994 18.412596 408.073639 37.389999
429.384003 19.023472 408.073639 37.910000
433.903992 19.430058 408.073639 38.369999
435.015991 19.430058 408.073639 38.369999
436.720001 19.836842 408.073639 38.880001
438.247986 20.454193 408.073639 39.430000
441.880005 20.454193 408.073639 39.430000
444.552002 20.864174 408.073639 39.860001
448.623993 21.271076 408.073639 40.380001
452.720001 21.271076 408.073639 40.380001
457.480011 21.471268 642.304932 40.900002
461.216003 21.671288 642.304932 41.430000
464.071991 21.671288 642.304932 41.430000
474.872009 21.871838 642.304932 41.900002
477.424011 22.281895 642.304932 42.430000
481.112000 22.281895 642.304932 42.430000
495.888000 22.487349 642.304932 42.869999
497.727997 23.104372 642.304932 43.410000
501.696014 23.104372 642.304932 43.410000
520.239990 23.518953 642.304932 43.919998
522.943970 24.128189 642.304932 44.419998
526.968018 24.128189 642.304932 44.419998
