29.576000 0.000000 0.000000 0.240000
29.576000 0.000000 0.000000 0.250000
51.223999 0.000000 0.000000 0.840000
51.304001 0.000000 0.000000 1.240000
84.328003 0.000000 0.000000 1.250000
86.543999 0.000000 0.000000 1.840000
86.639999 0.000000 0.000000 2.240000
86.751999 0.000000 0.000000 2.250000
86.792000 0.000000 0.000000 2.840000
86.856003 0.000000 0.000000 3.240000
86.919998 0.000000 0.000000 3.250000
86.944000 0.000000 0.000000 3.840000
86.975998 0.000000 0.000000 4.240000
87.024002 0.000000 0.000000 4.250000
87.040001 0.000000 0.000000 4.840000
87.071999 0.000000 0.000000 5.240000
87.096001 0.000000 0.000000 5.250000
87.112000 0.000000 0.000000 5.840000
109.559998 0.000000 0.000000 6.240000
109.559998 0.000000 0.000000 6.250000
109.575996 0.000000 0.000000 6.840000
141.376007 0.000000 0.000000 7.240000
141.376007 0.000000 0.000000 7.250000
141.376007 0.000000 0.000000 7.840000
166.231995 0.406389 0.000000 8.240000
191.279999 0.406389 0.000000 8.250000
191.279999 1.025502 0.000000 8.840000
206.231995 1.447100 0.000000 9.240000
218.136002 1.447100 0.000000 9.250000
228.608002 2.068086 0.000000 9.840000
231.576004 2.272544 0.000000 10.240000
237.552002 2.272544 0.000000 10.250000
247.000000 2.272544 0.000000 10.840000
256.191986 2.891999 0.000000 11.240000
259.855988 2.891999 0.000000 11.250000
268.791992 3.513489 0.000000 11.840000
276.575989 3.914809 0.000000 12.240000
278.183990 3.914809 0.000000 12.250000
280.544006 4.323608 0.000000 12.840000
286.783997 4.727889 107.479721 13.240000
289.063995 4.727889 107.479721 13.250000
291.015991 4.930157 107.479721 13.840000
295.791992 4.930157 107.479721 14.240000
298.880005 4.930157 107.479721 14.250000
302.239990 5.339033 107.479721 14.840000
306.328003 5.746068 107.479721 15.240000
308.895996 5.746068 107.479721 15.250000
313.832001 6.354462 107.479721 15.840000
317.376007 6.758293 107.479721 16.240000
319.287994 6.758293 107.479721 16.250000
323.552002 7.368597 107.479721 16.840000
326.752014 7.778328 107.479721 17.240000
328.928009 7.778328 107.479721 17.260000
332.351990 8.191921 107.479721 17.840000
335.880005 8.607615 107.479721 18.240000
339.175995 8.607615 107.479721 18.250000
342.712006 9.223764 107.479721 18.840000
345.368011 9.628906 107.479721 19.240000
349.895996 9.628906 107.479721 19.250000
353.144012 10.040806 107.479721 19.840000
356.071991 10.449827 107.479721 20.240000
360.023987 10.449827 107.479721 20.260000
363.847992 11.063074 107.479721 20.840000
366.079987 11.467793 107.479721 21.240000
369.559998 11.467793 107.479721 21.260000
374.480011 11.872543 107.479721 21.840000
376.536011 12.289686 107.479721 22.240000
379.760010 12.289686 107.479721 22.260000
384.471985 12.902408 107.479721 22.840000
386.648010 13.312535 107.479721 23.240000
389.648010 13.312535 107.479721 23.260000
395.911987 13.725464 107.479721 23.840000
398.264008 13.927876 84.549629 24.240000
400.791992 13.927876 84.549629 24.260000
