-9.800000 210.000000 0.228430 -0.000000 -0.000000 -0.000000 0.000000
-9.799996 210.000000 0.430601 -0.000000 -0.000000 -0.000000 7.920000
-9.799994 210.000000 0.634819 -0.000000 -0.000001 -0.000000 8.190000
-9.799993 210.000000 0.840543 -0.000001 -0.000001 -0.000000 8.410000
-9.799993 210.000000 1.047490 -0.000000 -0.000001 -0.000000 8.610000
-9.799993 210.000000 1.253932 -0.000000 -0.000001 -0.000000 8.800000
-9.799993 210.000000 1.464839 -0.000000 -0.000000 -0.000000 8.990000
-9.799994 210.000000 1.675530 -0.000000 -0.000000 -0.000000 9.180000
-9.799994 210.000000 1.883934 0.000000 0.000000 -0.000000 9.370000
-9.799994 210.000000 2.088317 0.000000 0.000000 -0.000000 9.560000
-9.799994 210.000000 2.296516 0.000000 0.000000 -0.000000 9.760000
-9.799994 210.000000 2.500974 -0.000000 -0.000000 0.000000 10.010000
-9.799996 210.000000 2.295588 0.000000 0.000001 0.000000 10.850000
-9.799996 210.000000 2.089674 0.000000 0.000001 0.000000 11.050000
-9.799996 210.000000 1.881519 0.000000 0.000001 0.000000 11.230000
-9.799996 210.000000 1.675261 0.000000 0.000000 0.000000 11.400000
-9.799995 210.000000 1.466234 0.000000 0.000000 0.000000 11.570000
-9.799973 210.000000 1.260029 -0.000001 0.005114 0.000000 11.740000
-9.796968 210.000000 1.059122 -0.000079 0.051121 -0.000001 11.920000
-9.768044 210.000061 0.860829 -0.000428 0.109771 -0.000012 12.140000
-9.647607 210.000488 0.693156 -0.000845 0.120770 -0.000001 12.430000
-9.457359 210.001450 0.624221 -0.000754 0.095006 0.000088 12.690000
-9.256186 210.002625 0.609172 -0.000301 0.006308 0.000259 12.910000
-9.053955 210.003937 0.620315 0.000433 -0.082325 0.000451 13.140000
-8.854750 210.005112 0.655364 0.009636 -0.179075 0.000080 13.510000
-8.721642 209.906982 0.769136 0.022919 0.122475 -0.028777 14.390000
-8.539533 209.835770 0.840503 0.008317 0.079175 -0.053986 14.670000
-8.352270 209.773499 0.902893 -0.011728 0.052576 -0.073273 14.900000
-8.165466 209.722580 0.953247 -0.031337 0.048670 -0.086805 15.110000
-7.966683 209.684799 0.992209 -0.036465 0.041581 -0.094516 15.320000
-7.769204 209.662643 1.017368 -0.031548 0.030666 -0.096368 15.520000
-7.567981 209.652008 1.031943 -0.022411 0.025835 -0.093686 15.720000
-7.365455 209.649353 1.037938 -0.013027 0.021559 -0.087837 15.920000
-7.164263 209.650879 1.037618 0.002258 0.008473 -0.081093 16.120001
-6.959026 209.650940 1.033163 0.020934 0.012855 -0.075491 16.330000
-6.759043 209.642242 1.026956 0.027433 0.012688 -0.073340 16.540001
-6.555491 209.621185 1.020189 0.024230 0.007415 -0.075655 16.760000
-6.349929 209.588120 1.014015 0.018310 0.026467 -0.083153 16.990000
-6.152484 209.548462 1.009711 0.012051 0.032746 -0.096014 17.209999
-5.951314 209.503876 1.006953 0.006014 0.023785 -0.113025 17.430000
-5.749067 209.457397 1.005731 0.002052 0.026543 -0.131946 17.650000
-5.545433 209.410690 1.005576 -0.000251 0.017763 -0.151175 17.870001
-5.343735 209.365173 1.005883 -0.001291 0.013884 -0.169387 18.090000
-5.145382 209.321350 1.006469 -0.001179 0.025068 -0.185693 18.309999
-4.945718 209.278137 1.007286 -0.000768 0.032342 -0.199499 18.530001
-4.741601 209.234543 1.008120 -0.000549 0.034300 -0.210518 18.750000
-4.542674 209.192322 1.008791 -0.000465 0.017849 -0.218219 18.959999
-4.345269 209.150528 1.009189 -0.000043 0.011882 -0.222037 19.170000
-4.144096 209.108459 1.009317 -0.014703 0.002724 -0.220928 19.389999
-3.940629 209.073929 1.009120 -0.040641 0.013646 -0.213607 19.620001
-3.737391 209.059052 1.008901 -0.043435 0.016471 -0.199191 19.850000
-3.532206 209.063705 1.008607 -0.022161 0.024605 -0.179314 20.080000
-3.323701 209.077118 1.008490 -0.003380 0.029999 -0.155304 20.309999
-3.121252 209.089172 1.008538 0.007139 0.019007 -0.130283 20.530001
-2.919878 209.096359 1.008654 0.010317 0.029050 -0.105271 20.750000
-2.716940 209.097275 1.008894 0.009251 0.018772 -0.082148 20.969999
-2.515203 209.093140 1.009030 0.006370 0.019949 -0.061656 21.190001
-2.314567 209.085709 1.009064 0.003326 0.029510 -0.044548 21.410000
-2.110798 209.076492 1.009109 0.000972 0.033758 -0.032278 21.629999
-1.902802 209.066696 1.009120 0.002062 0.022869 -0.025787 21.850000
-1.694156 209.056076 1.009147 0.004831 0.026580 -0.024431 22.070000
-1.493826 209.044159 1.009250 0.005610 0.017237 -0.027174 22.280001
-1.286278 209.029602 1.009254 0.004699 0.012918 -0.033040 22.500000
-1.082942 209.013412 1.009153 0.003555 0.021792 -0.040799 22.719999
-0.881383 208.996048 1.009137 0.002167 0.012621 -0.049593 22.940001
-0.674397 208.977417 1.009085 0.001102 0.024529 -0.058907 23.170000
-0.466940 208.958527 1.008981 0.000209 0.005014 -0.067722 23.400000
-0.263177 208.939896 1.008221 -0.000797 -0.076369 -0.075794 23.639999
-0.061659 208.921143 1.005132 -0.000159 -0.104999 -0.085065 23.990000
