0
0
0
0
0
0
0
0
0
0
0
0
0
0
0
0
0
0
0
0
84
93
96
99
103
105
109
113
130
132
136
140
145
150
153
157
160
164
199
205
208
211
214
217
219
222
226
266
269
272
275
280
282
285
289
329
336
339
341
345
348
351
354
357
361
365
426
431
435
438
443
446
450
453
456
459
525
531
535
537
540
544
549
552
556
637
646
652
654
658
663
666
670
674
677
745
750
754
759
766
771
776
783
786
790
794
861
866
868
873
877
887
889
892
895
900
910
914
1012
1015
1019
1022
1026
1034
1037
1040
1043
1047
1154
1163
1166
1170
1175
1177
1182
1184
1187
1263
1268
1271
1285
1288
1291
1294
1297
1301
1304
1341
1343
1346
1350
1353
1355
1359
1362
1366
1399
1400
1404
1407
1408
1412
1415
1418
1483
1484
1486
1490
1492
1495
1499
1502
1504
1508
1523
1524
1528
1531
1539
1601
1602
1605
1608
1610
1613
1615
1619
1623
1627
1631
1697
1698
1702
1705
1707
1711
1717
1723
1729
1732
1776
1777
1781
1784
1787
1791
1795
1798
1801
1806
1843
1844
1846
1849
1853
1855
1858
1862
1864
1904
1906
1908
1910
1914
1917
1920
1924
1927
1968
1970
1973
1977
1979
1981
1985
1987
2022
2023
2031
2035
2037
2041
2044
2048
2051
2089
2099
2102
2105
2108
2112
2115
2121
2127
2132
2228
2236
2240
2244
2247
2249
2253
2256
2259
2263
2266
2388
2390
2393
2396
2398
2402
2405
2408
2411
2413
2522
2523
2525
2527
2530
2534
2536
2539
2543
2546
2608
2609
2611
2614
2617
2620
2622
2626
2629
2631
2653
2653
2656
2659
2660
2663
2665
2668
2671
2673
2699
2699
2702
2704
2707
2710
2713
2715
2719
2722
2757
2759
2761
2764
2768
2770
2774
2776
2779
2783
2787
2822
2823
2827
2829
2832
2836
2839
2841
2844
2847
2881
2883
2886
2889
2893
2895
2898
2902
2905
2920
2922
2924
2926
2928
2929
2931
2934
2937
2952
2954
2957
2960
2963
2966
2969
2973
2976
2992
2994
2996
2999
3002
3005
3008
3011
3014
3032
3033
3036
3039
3041
3043
3045
3049
3052
3091
3092
3095
3098
3101
3103
3106
3109
3112
3116
3119
3145
3146
3149
3150
3154
3156
3159
3163
3165
3207
3208
3211
3214
3218
3220
3222
3226
3228
3231
3234
3288
3289
3291
3294
3297
3301
3304
3305
3309
3312
3321
3322
3328
3333
3353
3354
3355
3358
3360
3362
3363
3366
3368
3387
3388
3389
3392
3395
3398
3402
3403
3405
3408
3410
3428
3430
3433
3435
3437
3438
3442
3445
3449
3452
3454
3474
3474
3478
3481
3484
3487
3491
3493
3496
3500
3503
3518
3520
3522
3526
3529
3532
3536
3539
3541
3545
3614
3616
3620
3622
3671
3672
3675
3679
3682
3683
3685
3687
3689
3707
3709
3711
3714
3718
3721
3723
3725
3726
3729
3749
3749
3753
3756
3758
3762
3765
3767
3769
3770
3842
3844
3847
3849
3853
3856
3859
3863
3866
3869
3932
3934
3940
3943
3946
3948
3951
3954
3957
3959
3974
3974
3977
3980
3982
3984
3987
3990
3993
4018
4020
4021
4025
4028
4031
4034
4036
4037
4041
4044
4090
4090
4093
4096
4098
4100
4102
4105
4109
4112
4150
4151
4154
4157
4159
4162
4166
4169
4171
4175
4211
4211
4215
4218
4219
4223
4226
4229
4233
4253
4255
4257
4258
4262
4265
4268
4272
4275
4277
4295
4296
4300
4303
4306
4310
4313
4316
4319
4337
4338
4341
4343
4347
4350
4353
4354
4357
4375
4377
4379
4382
4385
4387
4389
4390
4392
4396
4411
4412
4414
4417
4420
4423
4426
4429
4433
4436
4451
4453
4454
4457
4461
4463
4466
4470
4473
4490
4492
4495
4498
4501
4504
4507
4511
4513
4529
4529
4532
4534
4536
4538
4540
4542
4545
4562
4563
4565
4566
4568
4570
4572
4574
4575
4577
4594
4594
4597
4599
4601
4604
4605
4608
4627
4629
4630
4632
4635
4638
4639
4641
4643
4645
4665
4665
4667
4669
4672
4673
4675
4678
4681
4683
4686
4706
4706
4709
4712
4714
4716
4719
4722
4724
4728
4730
4742
4744
4747
4751
4754
4756
4760
4789
4789
4793
4797
4800
4803
4806
4826
4826
4829
4833
4835
4836
4839
4842
4845
4848
4851
4869
4870
4873
4877
4880
4882
4886
4889
4893
4896
4913
4915
4919
4922
4924
4927
4929
4932
4935
4937
4940
4962
4964
4967
4970
4973
4976
4980
4983
4984
4988
4999
4999
5003
5006
5009
5029
5029
5032
5035
5037
5040
5043
5045
5049
5051
5054
5082
5082
5085
5088
5091
5094
5098
5101
5102
5105
5108
5126
5128
5130
5133
5136
5139
5141
5144
5147
5150
5152
5168
5169
5172
5175
5178
5179
5182
5186
5189
5206
5208
5211
5212
5214
5217
5219
5221
5223
5225
5241
5243
5244
5246
5248
5250
5252
5255
5258
5261
5278
5278
5281
5283
5285
5287
5289
5291
5293
5309
5310
5311
5313
5315
5317
5319
5321
5322
5324
5342
5344
5345
5347
5349
5352
5354
5356
5358
5361
5378
5380
5383
5386
5389
5392
5394
5398
5401
5404
5419
5420
5422
5426
5429
5432
5436
5438
5473
5474
5477
5481
5483
5485
5489
5492
5493
5497
5516
5516
5519
5521
5523
5526
5528
5530
5534
5537
5556
5557
5560
5562
5566
5569
5571
5574
5577
5580
5582
5600
5601
5605
5607
5610
5627
5629
5632
5634
5635
5637
5639
5641
5644
5646
5663
5664
5666
5668
5670
5671
5673
5675
5677
5679
5695
5696
5698
5699
5701
5703
5705
5707
5709
5725
5726
5728
5730
5732
5734
5736
5738
5740
5757
5758
5760
5762
5764
5766
5769
5772
5775
5792
5793
5794
5797
5799
5802
5805
5807
5809
5812
5829
5830
5833
5836
5839
5842
5845
5848
5850
5854
5873
5874
5877
5880
5881
5885
5887
5889
5892
5894
5897
5907
5909
5911
5912
5924
5925
5926
5930
5933
5952
5953
5955
5958
5961
5963
5965
5968
5972
5974
5993
5995
5998
5999
6001
6005
6008
6011
6013
6016
6019
6040
6041
6043
6046
6048
6052
6055
6057
6061
6080
6080
6082
6084
6087
6090
6093
6096
6100
6103
6119
6121
6124
6127
6128
6131
6135
6137
6139
6159
6160
6162
6165
6168
6171
6174
6176
6179
6181
6184
6203
6203
6207
6210
6213
6217
6220
6221
6224
6227
6230
6242
6245
6248
6251
6254
6257
6271
6272
6275
6279
6282
6285
6287
6290
6292
6294
6309
6311
6314
6316
6318
6320
6322
6323
6340
6341
6342
6344
6346
6348
6350
6352
6353
6355
6373
6374
6376
6378
6380
6382
6383
6385
6387
6404
6404
6406
6409
6413
6415
6416
6418
6420
6466
6467
6470
6472
6474
6476
6478
6479
6481
6483
6500
6500
6502
6504
6506
6508
6509
6511
6514
6532
6534
6535
6537
6539
6542
6545
6548
6549
6552
6554
6571
6572
6576
6578
6581
6585
6588
6591
6594
6597
6646
6648
6650
6652
6654
6656
6658
6661
6664
6668
6691
6692
6695
6698
6700
6703
6706
6709
6711
6713
6732
6734
6737
6740
6743
6746
6749
6752
6753
6756
6760
6771
6773
6777
6779
6782
6785
6788
6807
6809
6812
6815
6818
6821
6823
6827
6828
6830
6846
6846
6849
6851
6853
6855
6857
6859
6860
6879
6880
6881
6883
6885
6887
6888
6890
6892
6894
6911
6912
6914
6916
6918
6919
6921
6924
6926
6942
6943
6945
6947
6949
6951
6953
6955
6973
6974
6975
6977
6980
6983
6985
6986
6988
6990
7006
7007
7009
7011
7013
7015
7019
7021
7024
7027
7061
7062
7065
7068
7072
7075
7077
7079
7082
7085
7104
7104
7106
7109
7111
7115
7118
7121
7124
7125
7142
7144
7146
7149
7152
7155
7157
7160
7163
7165
7176
7178
7180
7182
7184
7186
7203
7204
7207
7211
7213
7216
7219
7221
7224
7243
7244
7246
7248
7251
7254
7256
7259
7262
7264
7266
7286
7287
7289
7291
7294
7297
7300
7303
7306
7310
7313
7314
7334
7334
7338
7340
7343
7345
7347
7350
7353
7354
7357
7375
7375
7377
7379
7381
7382
7384
7386
7388
7406
7406
7408
7410
7411
7413
7415
7417
7419
7421
7435
7436
7438
7440
7442
7444
7446
7448
7464
7464
7467
7469
7471
7473
7474
7476
7478
7480
7496
7497
7499
7501
7503
7504
7506
7508
7511
7528
7528
7530
7533
7535
7537
7540
7541
7544
7547
7550
7567
7568
7570
7573
7577
7580
7582
7585
7588
7592
7610
7611
7613
7615
7617
7620
7621
7624
7626
7629
7631
7634
7651
7652
7654
7657
7660
7663
7665
7668
7670
7686
7686
7690
7693
7697
7700
7703
7706
7709
7723
7725
7728
7731
7733
7737
7741
7744
7747
7765
7767
7770
7773
7776
7779
7783
7785
7786
7788
7791
7807
7808
7810
7814
7817
7820
7822
7825
7829
7844
7845
7848
7851
7853
7855
7858
7860
7862
7881
7882
7884
7887
7890
7892
7895
7899
7902
7903
7907
7964
7966
7969
7974
7980
7983
7987
7989
8059
8064
8067
8071
8074
8077
8081
8084
8086
8090
8115
8115
8119
8123
8127
8128
8132
8136
8139
8143
8239
8265
8268
8273
8274
8277
8281
8283
8286
8290
8379
8379
8383
8386
8391
8394
8397
8404
8407
8410
8496
8499
8503
8508
8511
8514
8517
8521
8524
8527
8649
8651
8653
8657
8659
8663
8667
8670
8720
8731
8734
8737
8740
8743
8747
8750
8753
8867
8872
8875
8878
8881
8885
8888
8891
8896
9005
9010
9014
9016
9020
9022
9026
9030
9033
9078
9080
9082
9085
9090
9095
9102
9105
9175
9183
9185
9188
9191
9195
9198
9201
9204
9207
9210
9232
9234
9238
9243
9246
9250
9252
9257
9261
9302
9307
9308
9312
9315
9318
9321
9324
9327
9330
9333
9336
9340
9343
9346
9349
9352
9355
9359
9362
9366
9369
9372
9376
9378
9381
9384
9386
9388
9391
9394
9397
9399
9401
9403
9405
9407
9408
9410
9413
9416
9418
9420
9422
9424
9427
9429
9432
9435
9439
9442
9445
9449
9451
9453
9457
9460
9464
9467
9471
9474
9478
9480
9483
9487
9490
9493
9497
9500
9501
9505
9507
9510
9514
9517
9519
9523
9525
9528
9532
9535
9537
9541
9544
9547
9551
9554
9558
9561
9564
9567
9570
9573
9577
9580
9583
9587
9590
9593
9596
9599
9603
9606
9610
9612
9615
9619
9621
9624
9628
9631
9633
9637
9640
9643
9647
9650
9651
9655
9658
9661
9665
9668
9671
9674
9676
9680
9683
9685
9688
9691
9693
9695
9698
9702
9705
9708
9710
9712
9715
9719
9722
9724
9727
9729
9732
9734
9736
9738
9741
9744
9747
9751
9754
9755
9757
9759
9761
9764
9766
9767
9770
9772
9775
9779
9782
9784
9788
9791
9795
9798
9802
9805
9807
9811
9814
9818
9821
9821
9821
9821
9821
9821
9821
9821
9821
9821
9821
9821
9821
9821
9821
9821
9821
9821
9821
9821
9821
9821
9821
9821
9821
9821
9821
9821
9821
9821
9821
9821
9821
9821
9821
9821
9821
9821
9821
9821
9821
9821
9821
9821
9821
9821
9821
9821
9821
9821
9821
9821
9821
9821
9821
9821
9821
9821
9821
9821
9821
9821
9821
9821
9821
9821
9821
9821
9821
9821
9821
9821
9821
9821
9821
9821
9821
9821
9821
9821
9821
9821
9821
9821
9821
9821
9821
9821
9821
9821
9821
9821
9821
9821
9821
9821
9821
9821
9821
9821
9821
9821
9821
9821
9821
9821
9821
9821
9821
9821
9821
9821
9821
9821
9821
9821
9821
9821
9821
9821
9821
9821
9821
9821
9821
9821
9821
9821
9821
9821
9821
9821
9821
9821
9821
9821
9821
9821
9821
9821
9821
9821
9821
9821
9821
9821
9821
9821
9821
9821
9821
9821
9821
9821
9821
9821
9821
9821
9821
9821
9821
9821
9821
9821
9821
9821
9821
9821
9821
9821
9821
9821
9821
9821
9821
9821
9821
9821
9821
9821
9821
9821
9821
9821
9821
9821
9821
9821
9821
9821
9821
9821
9821
9821
9821
9821
9821
9821
9821
9821
9821
9821
9821
9821
9821
9821
9821
9821
9821
9821
9821
9821
9821
9821
9821
9821
9821
9821
9821
9821
9821
9821
9821
9821
9821
9821
9821
9821
9821
9821
9821
9821
9821
9821
9821
9821
9821
9821
9821
9821
9821
9821
9821
9821
9821
9821
9821
9821
