0
0
0
0
0
0
0
0
0
0
0
0
0
0
0
0
0
138
138
146
148
151
155
157
160
162
165
252
254
255
257
260
262
264
267
271
274
341
344
348
350
354
358
361
364
440
446
449
452
455
457
460
463
464
482
483
487
489
491
493
496
500
503
572
573
576
577
580
583
586
588
591
634
640
643
645
647
651
654
656
659
676
677
680
683
687
690
694
696
699
760
764
769
773
776
779
783
786
788
809
810
813
815
818
822
825
831
833
836
900
906
908
911
914
918
920
922
925
948
948
952
955
958
961
966
971
975
978
1055
1066
1069
1075
1080
1081
1085
1089
1093
1199
1205
1208
1212
1215
1220
1230
1235
1241
1244
1248
1344
1347
1349
1352
1356
1361
1369
1372
1375
1381
1392
1395
1465
1467
1471
1476
1479
1483
1487
1490
1495
1595
1615
1619
1622
1624
1629
1633
1654
1727
1729
1733
1735
1752
1753
1754
1756
1758
1763
1766
1769
1771
1876
1883
1887
1890
1893
1896
1899
1901
1904
1907
2013
2016
2019
2021
2025
2028
2031
2034
2036
2054
2056
2058
2062
2064
2068
2070
2072
2076
2160
2161
2165
2168
2170
2174
2176
2179
2182
2185
2201
2203
2206
2210
2213
2216
2249
2250
2253
2255
2258
2261
2264
2266
2270
2320
2322
2325
2328
2331
2334
2337
2341
2343
2347
2412
2412
2416
2420
2423
2428
2433
2436
2440
2484
2490
2495
2498
2501
2505
2508
2512
2514
2517
2521
2539
2539
2542
2546
2549
2551
2555
2558
2560
2563
2567
2585
2587
2590
2594
2596
2599
2603
2605
2608
2666
2668
2670
2673
2675
2679
2682
2685
2689
2692
2730
2732
2735
2739
2742
2744
2748
2750
2753
2757
2759
2777
2779
2782
2785
2788
2790
2794
2797
2800
2906
2922
2925
2930
2933
2936
2939
2941
2943
2948
3076
3088
3092
3095
3099
3102
3107
3113
3114
3116
3180
3184
3187
3189
3193
3196
3199
3202
3203
3207
3310
3316
3318
3321
3325
3328
3329
3332
3335
3338
3455
3460
3464
3467
3470
3473
3478
3481
3484
3584
3594
3596
3600
3603
3605
3608
3611
3614
3635
3636
3637
3640
3643
3645
3648
3651
3654
3658
3661
3722
3727
3730
3734
3737
3740
3744
3747
3812
3815
3816
3819
3823
3826
3828
3832
3835
3838
3861
3862
3866
3870
3873
3875
3878
3881
3885
3960
3965
3968
3971
3974
3977
3979
3982
3985
3986
4041
4047
4050
4052
4054
4057
4059
4062
4063
4149
4151
4158
4164
4173
4176
4179
4184
4186
4189
4196
4290
4293
4298
4300
4302
4306
4309
4311
4315
4317
4320
4323
4422
4426
4429
4431
4435
4437
4439
4440
4442
4445
4508
4508
4511
4515
4518
4521
4523
4526
4529
4613
4615
4619
4623
4625
4628
4637
4641
4643
4647
4650
4709
4710
4713
4715
4717
4720
4723
4725
4729
4780
4828
4829
4833
4836
4838
4840
4841
4843
4845
4848
4902
4903
4907
4910
4914
4918
4921
4924
4927
4987
4988
4990
4994
4996
4999
5002
5004
5007
5009
5023
5025
5027
5030
5034
5037
5040
5048
5051
5055
5073
5074
5078
5081
5082
5085
5087
5090
5093
5149
5160
5167
5169
5174
5177
5181
5187
5193
5197
5315
5320
5323
5325
5328
5332
5335
5339
5340
5343
5445
5446
5450
5454
5458
5462
5467
5471
5475
5551
5552
5556
5558
5560
5563
5567
5569
5573
5576
5579
5644
5650
5654
5748
5750
5753
5756
5760
5763
5766
5769
5772
5866
5873
5875
5878
5881
5885
5888
5892
5895
5930
5932
5935
5939
5946
5949
5952
5956
6036
6041
6045
6049
6052
6055
6058
6062
6064
6067
6112
6113
6119
6123
6126
6130
6133
6136
6140
6173
6176
6181
6184
6188
6227
6231
6243
6248
6253
6257
6260
6263
6266
6269
6273
6333
6335
6337
6339
6342
6347
6349
6354
6357
6360
6443
6445
6448
6456
6461
6465
6469
6471
6474
6478
6543
6548
6550
6554
6557
6558
6562
6565
6568
6571
6619
6620
6623
6627
6632
6635
6638
6645
6650
6731
6739
6744
6748
6750
6753
6757
6760
6763
6767
6795
6797
6799
6802
6805
6808
6811
6814
6816
6820
6857
6859
6861
6864
6868
6871
6874
6877
6880
6884
6912
6913
6916
6920
6922
6925
6929
6932
6935
6958
6958
6961
6963
6965
6968
6972
6975
6978
7007
7009
7011
7015
7017
7020
7024
7027
7031
7034
7085
7087
7091
7093
7096
7100
7103
7106
7151
7152
7153
7157
7160
7164
7166
7169
7173
7211
7212
7214
7216
7220
7223
7226
7230
7233
7235
7265
7266
7268
7271
7274
7277
7280
7283
7286
7290
7293
7331
7333
7337
7339
7342
7346
7349
7352
7389
7390
7392
7396
7398
7401
7404
7406
7445
7447
7448
7451
7455
7458
7461
7465
7468
7471
7474
7489
7491
7494
7496
7499
7503
7505
7506
7578
7579
7582
7585
7587
7589
7638
7639
7642
7646
7648
7651
7654
7657
7660
7677
7679
7682
7685
7688
7691
7695
7698
7699
7703
7719
7720
7722
7725
7728
7731
7734
7737
7739
7758
7758
7761
7764
7767
7770
7774
7776
7779
7801
7801
7804
7807
7811
7814
7817
7820
7823
7826
7828
7831
7845
7847
7850
7853
7856
7859
7863
7865
7903
7905
7908
7912
7915
7918
7922
7925
7928
7931
7947
7949
7951
7955
7958
7961
7965
7967
7970
7976
7979
7997
7999
8003
8006
8009
8012
8017
8021
8025
8073
8074
8078
8082
8086
8089
8092
8096
8100
8116
8118
8121
8125
8127
8131
8133
8136
8140
8182
8184
8188
8190
8192
8196
8199
8202
8206
8246
8249
8252
8254
8258
8260
8267
8270
8276
8333
8338
8340
8343
8346
8349
8351
8355
8358
8361
8473
8474
8476
8480
8483
8486
8490
8492
8496
8499
8502
8566
8567
8570
8573
8576
8579
8583
8586
8588
8592
8655
8656
8659
8662
8666
8669
8672
8675
8679
8698
8698
8700
8704
8707
8709
8713
8716
8719
8722
8748
8749
8751
8754
8758
8760
8763
8767
8769
8772
8794
8796
8800
8803
8805
8808
8811
8814
8817
8818
8832
8834
8838
8841
8844
8847
8850
8853
8856
8874
8874
8876
8878
8880
8883
8886
8890
8892
8895
8935
8936
8939
8941
8945
8948
8951
8955
8958
8961
8964
8997
8998
9001
9004
9007
9010
9012
9016
9019
9040
9040
9043
9047
9049
9052
9054
9057
9060
9063
9065
9079
9081
9085
9088
9091
9092
9094
9096
9113
9113
9115
9117
9119
9120
9122
9124
9126
9142
9142
9145
9148
9149
9151
9153
9155
9157
9178
9178
9180
9182
9183
9185
9187
9189
9193
9195
9197
9215
9217
9220
9224
9227
9230
9233
9235
9239
9242
9261
9262
9266
9269
9273
9275
9278
9281
9284
9287
9291
9336
9337
9341
9342
9346
9349
9352
9355
9359
9361
9382
9382
9384
9386
9388
9390
9393
9395
9399
9402
9405
9407
9423
9425
9427
9431
9433
9435
9436
9438
9440
9454
9455
9459
9461
9464
9467
9469
9471
9527
9528
9530
9533
9535
9536
9538
9540
9543
9545
9548
9549
9569
9570
9572
9576
9579
9582
9584
9587
9590
9591
9609
9610
9614
9618
9621
9624
9628
9630
9633
9637
9653
9653
9656
9659
9661
9664
9667
9670
9690
9691
9693
9699
9701
9705
9708
9712
9715
9719
9793
9802
9808
9811
9815
9817
9821
9827
9830
9849
9850
9853
9856
9860
9863
9866
9871
9874
9877
9981
9990
9993
9998
10001
10004
10007
10011
10051
10058
10061
10062
10065
10074
10077
10080
10083
10125
10127
10129
10132
10136
10138
10141
10144
10147
10150
10154
10202
10209
10211
10214
10217
10218
10221
10223
10225
10229
10247
10248
10251
10253
10257
10260
10262
10264
10267
10328
10333
10336
10340
10343
10347
10351
10354
10361
10365
10427
10433
10441
10444
10446
10449
10452
10455
10473
10474
10490
10493
10496
10499
10501
10505
10566
10574
10575
10579
10583
10587
10590
10594
10640
10642
10645
10649
10651
10655
10658
10661
10665
10704
10706
10711
10723
10727
10731
10735
10740
10742
10755
10757
10760
10762
10767
10769
10856
10865
10868
10872
10875
10879
10881
10883
10886
10904
10905
10909
10910
10913
10917
10926
10929
10932
10936
10982
10983
10989
10993
10995
11000
11005
11008
11077
11083
11091
11095
11100
11102
11105
11108
11111
11163
11165
11168
11173
11177
11191
11195
11198
11201
11272
11274
11279
11280
11283
11287
11290
11293
11296
11368
11375
11378
11381
11385
11387
11389
11392
11395
11397
11415
11416
11419
11422
11426
11430
11439
11442
11449
11451
11534
11541
11549
11554
11557
11560
11563
11565
11569
11661
11661
11665
11668
11670
11672
11675
11679
11682
11685
11724
11730
11733
11736
11738
11741
11743
11750
11752
11756
11759
11801
11806
11807
11810
11814
11817
11821
11824
11826
11830
11833
11836
11838
11840
11842
11844
11847
11851
11854
11857
11861
11864
11867
11870
11873
11877
11880
11883
11887
11890
11894
11897
11899
11903
11906
11909
11913
11915
11918
11922
11925
11928
11932
11934
11937
11941
11944
11946
11950
11953
11955
11959
11962
11965
11969
11972
11975
11977
11980
11982
11985
11987
11989
11991
11992
11994
11997
12001
12004
12008
12011
12014
12016
12019
12022
12026
12029
12031
12035
12038
12041
12045
12048
12051
12052
12054
12056
12058
12060
12063
12066
12067
12071
12074
12078
12081
12084
12087
12091
12094
12097
12100
12103
12107
12109
12112
12116
12119
12123
12126
12129
12133
12137
12140
12144
12147
12150
12157
12161
12165
12169
12172
12176
12179
12183
12186
12187
12191
12194
12197
12201
12204
12207
12211
12213
12216
12219
12222
12225
12227
12230
12234
12237
12240
12243
12244
12248
12251
12254
12258
12261
12263
12267
12270
12273
12277
12280
12283
12287
12289
12292
12296
12299
12302
12306
12308
12311
12315
12318
12322
12325
12328
12331
12334
12337
12340
12343
12346
12350
12353
12355
12359
12362
12366
12369
12372
12376
12377
12381
12384
12387
12391
12394
12397
12400
12402
12405
12409
12412
12415
12418
12421
12424
12428
12431
12434
12437
12440
12443
12447
12450
12453
12457
12460
12461
12465
12468
12471
12475
12478
12480
12498
12502
12505
12509
12512
12514
12518
12521
12524
12528
12531
12533
12537
12540
12544
12548
12550
12553
12557
12560
12563
12567
12570
12573
12576
12578
12581
12585
12589
12592
12595
12599
12602
12604
12608
12611
12615
12618
12622
12625
12628
12631
12634
12637
12640
12643
12646
12649
12652
12655
12659
12662
12666
12670
12672
12675
12679
12682
12685
12688
12691
12694
12698
12701
12704
12707
12710
12713
12716
12719
12722
12725
12728
12731
12735
12738
12740
12742
12743
12745
12747
12749
12751
12753
12754
12756
12758
12760
12762
12763
12766
12770
12773
12776
12779
12781
12785
12788
12791
12795
12798
12802
12805
12808
12811
12813
12816
12818
12818
12818
12818
12818
12818
12818
12818
12818
12818
12818
12818
12818
12818
12818
12818
12818
12818
12818
12818
12818
12818
12818
12818
12818
12818
12818
12818
12818
12818
12818
12818
12818
12818
12818
12818
12818
12818
12818
12818
12818
12818
12818
12818
12818
12818
12818
12818
12818
12818
12818
12818
12818
12818
12818
12818
12818
12818
12818
12818
