0
0
0
0
0
0
0
0
0
0
0
0
0
0
0
0
0
114
116
120
123
126
130
133
135
139
199
203
206
209
212
215
217
220
224
227
299
306
309
311
315
318
321
325
328
249
266
267
268
271
271
272
275
276
277
279
298
325
326
326
328
329
330
332
349
381
383
384
386
387
388
390
391
392
407
431
432
434
435
436
438
439
440
457
462
464
465
466
473
474
475
478
495
526
532
533
535
536
537
540
556
621
622
627
629
630
633
634
647
649
665
693
698
700
703
704
706
708
716
731
841
843
845
848
849
851
853
854
870
882
884
886
887
889
891
892
914
1022
1026
1028
1031
1032
1034
1035
1036
812
814
895
896
898
899
900
902
903
905
919
943
945
947
948
950
951
951
976
1022
1026
1027
1030
1032
1033
1034
1036
1037
1038
1052
1053
1055
1057
1059
1061
1067
1070
1074
1093
1192
1193
1194
1196
1197
1198
1200
1201
1217
1241
1242
1243
1245
1246
1248
1259
1261
1290
1395
1396
1399
1402
1404
1405
1407
1409
1412
1429
1536
1537
1539
1541
1542
1544
1545
1546
1548
1566
1638
1640
1642
1646
1648
1649
1658
1664
1666
1688
1797
1799
1800
1802
1803
1804
1808
1811
1812
1819
1861
1863
1865
1570
1572
1574
1575
1576
1592
1660
1665
1667
1668
1674
1675
1676
1679
1697
1747
1750
1751
1752
1754
1757
1758
1762
1764
1765
1888
1891
1893
1895
1896
1898
1899
1902
1906
1925
1999
2005
2006
2007
2015
2020
2022
2024
2027
2030
2042
2081
2087
2095
2101
2102
2103
2122
2161
2162
2163
2165
2166
2167
2169
2170
2171
2188
2203
2204
2206
2207
2208
2213
2215
2216
2218
2234
2296
2296
2298
2299
2300
2302
2303
2305
2306
2323
2324
2326
2327
2329
2330
2331
2333
2334
2335
2355
2362
2363
2365
2366
2367
2369
2370
2087
2089
2090
2106
2179
2180
2181
2183
2185
2186
2187
2189
2190
2229
2230
2231
2232
2234
2235
2236
2238
2239
2257
2336
2337
2338
2340
2341
2342
2344
2345
2347
2348
2423
2426
2427
2429
2430
2431
2433
2434
2436
2437
2452
2489
2491
2493
2494
2495
2497
2498
2500
2501
2566
2567
2569
2570
2571
2573
2574
2576
2577
2578
2580
2597
2705
2707
2708
2709
2713
2716
2717
2719
2720
2737
2832
2833
2835
2836
2837
2839
2840
2841
2843
2856
2880
2883
2883
2884
2887
2891
2892
2908
2913
2915
2916
2918
2919
2920
2922
2601
2602
2620
2652
2653
2655
2656
2657
2659
2660
2661
2663
2664
2682
2716
2717
2718
2720
2721
2722
2724
2725
2726
2744
2791
2796
2797
2799
2800
2802
2803
2804
2807
2830
2873
2879
2881
2883
2885
2886
2887
2891
2901
2917
2937
2938
2939
2941
2942
2943
2945
2946
2947
2963
3073
3075
3077
3078
3079
3081
3081
3083
3101
3101
3104
3105
3106
3107
3108
3110
3111
3112
3113
3156
3157
3158
3159
3162
3163
3165
3166
3181
3202
3203
3204
3206
3207
3208
3210
3211
3223
3270
3273
3275
3277
3279
3281
3283
3284
3300
2967
3041
3043
3044
3045
3047
3050
3051
3053
3068
3111
3113
3114
3116
3117
3118
3120
3121
3122
3137
3241
3242
3244
3245
3248
3250
3251
3253
3266
3294
3296
3298
3299
3300
3302
3303
3405
3406
3407
3409
3410
3412
3413
3431
3431
3433
3434
3435
3437
3438
3440
3441
3442
3459
3459
3460
3462
3463
3464
3466
3467
3468
3470
3485
3537
3538
3539
3541
3542
3542
3544
3545
3562
3600
3601
3602
3604
3605
3606
3608
3609
3610
3627
3641
3642
3644
3645
3647
3648
3650
3652
3653
3668
3680
3680
3682
3683
3684
3686
3687
3381
3399
3436
3438
3439
3440
3442
3443
3445
3445
3446
3448
3462
3488
3490
3491
3493
3494
3495
3497
3498
3515
3550
3551
3552
3553
3554
3555
3557
3558
3559
3576
3581
3582
3584
3585
3586
3588
3589
3590
3592
3607
3615
3617
3618
3620
3621
3622
3623
3624
3625
3642
3684
3686
3687
3689
3690
3692
3693
3694
3696
3711
3716
3717
3718
3720
3721
3722
3723
3724
3740
3771
3772
3772
3773
3774
3776
3777
3778
3794
3823
3824
3825
3827
3827
3828
3830
3831
3848
3878
3879
3880
3882
3883
3885
3886
3887
3889
3904
3951
3640
3642
3643
3644
3646
3647
3648
3664
3743
3745
3746
3747
3749
3750
3751
3753
3765
3828
3829
3831
3832
3837
3839
3880
3880
3882
3883
3884
3886
3887
3888
3890
3891
3910
3911
3912
3915
3916
3917
3920
3921
3922
3924
3942
3991
3993
3994
3996
3997
4000
4002
4003
4020
4021
4024
4025
4027
4029
4031
4033
4034
4050
4073
4079
4085
4087
4088
4089
4091
4092
4109
4149
4150
4152
4155
4169
4174
4175
4175
4177
4178
4236
4240
4241
4242
4244
4247
4248
4250
4251
4268
4349
4354
4355
4357
4358
4359
4363
4364
4380
4049
4077
4079
4080
4081
4083
4084
4085
4103
4166
4169
4170
7118
7118
7120
7122
7123
7124
7124
7124
7126
7128
7129
7131
7132
7133
7135
7137
7138
7139
7141
7142
7143
7160
7179
7180
7181
7182
7183
7185
7186
7187
7189
7190
7208
7208
7208
7209
7211
7212
7214
7214
7215
7217
7236
7237
7238
7239
7241
7242
7243
7245
7246
7247
7263
7263
7265
7266
7267
7267
7268
7269
7270
7285
7286
7287
7288
7289
7290
7290
7290
7290
7305
7305
7306
7307
7308
7308
7310
7311
7312
7327
7332
7332
7334
7335
7335
7337
7338
6948
6959
6979
6980
6981
6983
6984
6985
6987
6988
7003
7030
7031
7032
7033
7035
7035
7036
7037
7076
7076
7078
7079
7081
7084
7085
7086
7088
7105
7125
7126
7127
7129
7130
7131
7133
7135
7173
7174
7175
7176
7178
7179
7180
7182
7183
7201
7228
7229
7231
7233
7234
7235
7236
7238
7253
7326
7327
7329
7331
7333
7334
7335
7337
7353
7409
7411
7416
7417
7419
7421
7423
7425
7426
7492
7493
7494
7495
7497
7498
7499
7501
7502
7503
7505
7592
7593
7594
7595
7597
7601
7602
7604
7607
7609
7624
7709
7712
7713
7714
7346
7349
7351
7352
7367
7373
7375
7377
7379
7380
7382
7387
7390
7409
7446
7448
7453
7456
7458
7461
7463
7465
7466
7467
7483
7511
7514
7516
7517
7518
7523
7526
7535
7539
7642
7643
7645
7646
7649
7650
7651
7653
7654
7655
7672
7721
7723
7724
7726
7727
7728
7730
7731
7747
7811
7813
7815
7816
7821
7825
7826
7827
7846
7898
7900
7902
7904
7905
7907
7908
7910
7911
7928
7954
7956
7958
7959
7960
7962
7966
7967
7969
7971
7987
8054
8056
8057
8058
8060
8061
8068
8073
8074
8158
8163
8173
8177
8179
8182
8185
7825
7827
7905
7905
7909
7913
7917
7923
7926
7927
7930
7931
8046
8047
8048
8051
8055
8058
8062
8063
8064
8083
8148
8151
8152
8154
8157
8159
8160
8162
8163
8183
8213
8214
8216
8218
8219
8220
8222
8228
8230
8232
8250
8315
8316
8318
8319
8321
8323
8329
8330
8335
8355
8413
8416
8417
8418
8420
8421
8422
8424
8425
8446
8488
8493
8494
8496
8497
8498
8500
8501
8502
8518
8567
8569
8570
8573
8574
8575
8577
8578
8587
8602
8635
8638
8639
8641
8642
8643
8645
8646
8648
8649
8679
8686
8687
8687
8688
8688
8688
8350
8351
8353
8354
8355
8356
8357
8360
8361
8363
8364
8365
8367
8367
8369
8370
8371
8373
8374
8375
8377
8378
8379
8381
8382
8383
8385
8386
8387
8389
8390
8392
8393
8394
8395
8396
8397
8398
8400
8401
8402
8403
8403
8404
8405
8406
8407
8409
8410
8411
8413
8414
8415
8417
8418
8419
8421
8422
8423
8425
8426
8428
8429
8430
8432
8433
8434
8436
8437
8438
8440
8441
8443
8444
8444
8446
8447
8448
8450
8451
8453
8453
8455
8456
8458
8459
8460
8462
8463
8464
8466
8467
8469
8470
8471
8473
8474
8475
8477
8478
8305
8306
8308
8309
8310
8312
8313
8315
8316
8317
8319
8320
8321
8323
8324
8325
8327
8327
8327
8327
8328
8329
8331
8331
8332
8334
8335
8336
8338
8338
8339
8340
8340
8341
8341
8342
8342
8343
8343
8344
8346
8347
8348
8351
8352
8353
8353
8355
8356
8358
8359
8360
8362
8363
8364
8366
8367
8368
8370
8371
8373
8374
8376
8377
8378
8380
8381
8382
8384
8385
8386
8388
8389
8390
8392
8393
8394
8396
8396
8397
8399
8400
8401
8403
8404
8410
8412
8413
8414
8414
8414
8415
8415
8416
8418
8419
8421
8424
8427
8429
8289
8291
8292
8292
8293
8293
8294
8296
8297
8298
8300
8301
8302
8304
8305
8307
8308
8310
8311
8312
8314
8315
8317
8318
8319
8320
8320
8321
8322
8322
8323
8324
8324
8325
8326
8328
8329
8331
8332
8333
8335
8336
8337
8339
8340
8342
8342
8343
8345
8346
8347
8349
8350
8351
8353
8354
8355
8356
8356
8358
8358
8359
8360
8360
8360
8361
8362
8363
8364
8365
8366
8367
8368
8369
8370
8371
8372
8374
8375
8376
8378
8379
8379
8381
8382
8383
8385
8386
8387
8389
8390
8391
8393
8394
8396
8397
8399
8400
8401
8403
8289
8290
8292
8293
8295
8296
8297
8299
8301
8302
8303
8304
8304
8306
8308
8309
8311
8312
8313
8315
8316
8317
8319
8320
8321
8323
8324
8325
8326
8327
8329
8329
8330
8332
8333
8334
8336
8337
8338
8339
8340
8341
8342
8343
8344
8346
8347
8348
8350
8351
8352
8354
8355
8357
8358
8359
8361
8362
8364
8365
8366
8368
8369
8370
8372
8373
8375
8376
8377
8378
8379
8380
8382
8383
8384
8386
8387
8389
8390
8391
8393
8394
8395
8397
8398
8399
8401
8402
8404
8406
8408
8409
8411
8412
8413
8415
8416
8417
8419
8420
8345
8348
8349
8350
8352
8353
8354
8356
8357
8359
8360
8361
8363
8364
8365
8367
8368
8370
8371
8372
8374
8375
8377
8377
8378
8379
8380
8381
8383
8384
8385
8387
8388
8389
8391
8392
8393
8395
8396
8397
8399
8400
8401
8403
8404
8406
8407
8408
8409
8410
8411
8413
8414
8415
8417
8418
8420
8421
8422
8424
8425
8426
8428
8429
8431
8432
8433
8435
8435
8435
8435
8436
8437
8439
8439
8440
8442
8443
8444
8444
8445
8447
8448
8449
8451
8452
8453
8454
8455
8456
8457
8458
8459
8460
8460
8462
8463
8463
8465
8466
8381
8382
8384
8385
8386
8388
8389
8390
8392
8393
8394
8396
8397
8399
8400
8400
8402
8402
8402
8402
8402
8402
8402
8402
8402
8402
8402
8402
8402
8402
8402
8402
8402
8402
8402
8402
8402
8402
8402
8402
8402
8402
8402
8402
8402
8402
8402
8402
8402
8402
8402
8402
8402
8402
8402
8402
8402
8402
8402
8402
8402
8402
8402
8402
8402
8402
8402
8402
8402
8402
8402
