2697
2734
2803
2807
2810
2813
2817
2821
2825
2828
2831
2835
2839
2842
2845
2848
2851
2854
2857
2860
2863
2867
2869
2872
2876
2879
2883
2886
2889
2893
2895
3106
3106
3108
3110
3111
3112
3114
3115
3116
3118
3119
3120
3122
3123
3124
3126
3127
3128
3130
3131
3132
3134
3134
3134
3136
3137
3138
3140
3141
3143
3144
3146
3147
3148
3150
3151
3152
3154
3155
3156
3158
3159
3160
3162
3163
3164
2895
2897
2898
2915
2947
2949
2950
2951
2953
2954
2955
2957
2958
2977
2977
2979
2980
2982
2983
2985
2986
2987
2989
2990
3002
3003
3005
3006
3008
3009
3010
3091
3092
3094
3095
3096
3098
3099
3100
3102
3103
3119
3120
3121
3123
3124
3125
3127
3127
3128
3130
3145
3151
3153
3154
3156
3157
3158
3160
3178
3182
3183
3185
3186
3187
3189
3190
3191
3193
3194
3211
3287
3288
3290
3291
3292
3294
3295
3296
3316
3356
3357
3359
3360
3361
3363
3364
3365
3367
3368
3384
3420
3421
3422
3424
3425
3426
3428
3429
3430
3127
3181
3182
3183
3185
3186
3187
3189
3190
3202
3203
3204
3205
3207
3208
3209
3225
3225
3227
3228
3230
3232
3233
3235
3236
3285
3286
3288
3289
3290
3292
3293
3294
3296
3297
3313
3337
3338
3339
3341
3342
3343
3345
3346
3362
3363
3364
3366
3367
3368
3370
3371
3373
3390
3418
3420
3421
3422
3424
3425
3426
3428
3429
3463
3464
3465
3467
3468
3484
3485
3486
3488
3489
3490
3492
3511
3533
3534
3537
3538
3540
3544
3547
3549
3555
3558
3575
3651
3652
3654
3655
3656
3658
3659
3660
3662
3680
3765
3767
3768
3468
3470
3471
3472
3474
3475
3476
3493
3564
3565
3567
3568
3569
3571
3572
3572
3574
3584
3605
3607
3609
3610
3612
3626
3666
3666
3668
3669
3670
3671
3672
3673
3690
3748
3750
3751
3752
3754
3755
3756
3758
3759
3778
3812
3814
3815
3816
3817
3818
3820
3821
3822
3824
3839
3879
3880
3881
3882
3884
3885
3886
3888
3889
3906
3907
3909
3910
3911
3913
3914
3915
3917
3918
3935
3936
3937
3939
3940
3941
3943
3944
3945
3947
3948
3964
3965
3966
3968
3969
3970
3972
3973
3973
3975
3994
3994
3996
3997
3999
4000
3751
3753
3754
3756
3757
3759
3778
3789
3791
3792
3793
3794
3795
3795
3797
3798
3799
3815
3816
3818
3819
3819
3820
3820
3820
3820
3820
3838
3840
3840
3841
3843
3844
3845
3847
3847
3848
3849
3866
3867
3868
3868
3870
3870
3870
3872
3873
3874
3892
3893
3894
3895
3897
3897
3898
3900
3901
3901
3918
3918
3919
3921
3922
3923
3923
3924
3925
3927
3928
3946
3947
3948
3950
3951
3952
3954
3955
3956
3958
3974
3974
3976
3977
3978
3980
3981
3982
3984
3984
4001
4023
4023
4023
4023
4024
4025
4026
4026
4027
4028
3821
3822
3823
3825
3826
3827
3829
3830
3831
3848
3852
3854
3855
3855
3857
3858
3859
3861
3862
3877
3878
3879
3880
3882
3883
3884
3886
3887
3887
3906
3907
3908
3910
3911
3912
3914
3915
3916
3918
3919
3937
3938
3939
3941
3941
3941
3942
3943
3944
3946
3947
3962
3962
3962
3964
3965
3966
3967
3968
3968
3983
3984
3986
3987
3987
3989
3990
3991
3993
3994
4020
4021
4022
4024
4025
4025
4027
4029
4030
4046
4047
4048
4049
4050
4051
4052
4054
4054
4062
4096
4097
4099
4100
4107
4107
4109
4110
4111
4128
4128
3907
3908
3909
3910
3911
3912
3913
3914
3915
3929
3948
3949
3951
3952
3953
3955
3956
3956
3963
3964
3965
3967
3968
3984
3985
3986
3987
3988
3989
3990
3992
3993
3994
4010
4011
4013
4015
4016
4017
4017
4018
4019
4020
4021
4038
4038
4039
4039
4040
4042
4043
4044
4045
4047
4048
4063
4064
4066
4067
4068
4069
4070
4071
4073
4074
4089
4089
4090
4092
4093
4093
4093
4093
4093
4094
4111
4111
4111
4111
4111
4111
4112
4113
4115
4115
4116
4148
4149
4151
4152
4153
4154
4154
4155
4157
4158
4170
4171
4172
4173
3987
3988
3990
4009
4010
4010
4011
4012
4012
4014
4014
4016
4017
4018
4035
4035
4037
4038
4040
4041
4042
4042
4043
4044
4058
4058
4060
4062
4062
4063
4065
4066
4081
4082
4084
4085
4086
4088
4089
4090
4091
4092
4106
4107
4109
4110
4110
4110
4111
4112
4114
4132
4132
4134
4135
4136
4136
4136
4136
4136
4136
4152
4152
4152
4153
4155
4156
4156
4157
4157
4158
4160
4175
4175
4175
4175
4176
4177
4177
4177
4178
4195
4207
4208
4210
4211
4213
4213
4213
4215
4215
4233
4233
4233
4233
4234
4235
4236
4236
4237
4041
4042
4057
4058
4059
4061
4062
4063
4064
4065
4066
4082
4106
4107
4107
4109
4110
4112
4112
4113
4114
4115
4133
4134
4134
4136
4137
4137
4138
4139
4140
4142
4142
4143
4173
4174
4176
4176
4177
4177
4177
4177
4179
4179
4193
4194
4195
4197
4198
4199
4201
4201
4203
4204
4219
4220
4221
4221
4222
4223
4223
4223
4224
4226
4243
4243
4244
4245
4247
4248
4248
4249
4249
4249
4268
4268
4269
4269
4270
4271
4273
4274
4275
4277
4278
4279
4295
4297
4298
4300
4300
4300
4301
4302
4303
4319
4319
4321
4321
4322
4142
4144
4144
4145
4147
4161
4162
4163
4164
4164
4165
4167
4168
4169
4180
4181
4182
4184
4184
4185
4201
4201
4203
4204
4205
4207
4207
4207
4209
4210
4226
4227
4228
4229
4230
4230
4232
4233
4234
4235
4252
4252
4253
4254
4254
4256
4257
4258
4260
4261
4277
4278
4279
4280
4282
4283
4283
4285
4286
4287
4304
4312
4313
4314
4315
4316
4316
4318
4319
4335
4335
4337
4338
4338
4339
4340
4340
4342
4343
4344
4361
4362
4364
4365
4366
4367
4368
4368
4370
4370
4384
4384
4384
4385
4385
4386
4387
4388
4389
4391
4199
4200
4200
4200
4201
4201
4202
4203
4204
4206
4221
4221
4223
4224
4225
4227
4228
4228
4229
4230
4231
4247
4248
4248
4250
4250
4251
4252
4253
4253
4253
4254
4264
4265
4265
4266
4267
4268
4270
4286
4288
4289
4290
4291
4291
4292
4294
4294
4295
4312
4314
4315
4316
4318
4319
4320
4322
4336
4337
4338
4339
4340
4341
4343
4343
4344
4360
4361
4363
4364
4364
4366
4367
4368
4369
4370
4387
4387
4387
4387
4389
4390
4390
4391
4392
4393
4394
4409
4409
4409
4409
4411
4412
4412
4413
4413
4414
4431
4431
4432
4233
4235
4236
4237
4239
4240
4240
4258
4258
4260
4261
4262
4262
4263
4263
4265
4265
4265
4281
4282
4282
4282
4283
4284
4285
4285
4286
4288
4298
4299
4301
4302
4304
4305
4307
4325
4326
4326
4327
4328
4330
4331
4332
4334
4335
4336
4350
4351
4353
4354
4356
4357
4357
4358
4374
4374
4375
4375
4376
4377
4378
4379
4380
4394
4394
4396
4397
4398
4399
4399
4399
4400
4402
4419
4419
4420
4420
4421
4421
4421
4421
4422
4422
4423
4439
4439
4441
4442
4444
4444
4445
4445
4445
4446
4448
4466
4466
4468
4469
4470
4255
4257
4258
4259
4261
4262
4279
4279
4281
4282
4282
4282
4283
4283
4284
4284
4292
4293
4294
4295
4297
4313
4313
4313
4313
4313
4313
4313
4314
4314
4315
4333
4333
4335
4336
4338
4339
4340
4341
4342
4343
4344
4344
4356
4357
4358
4359
4360
4361
4363
4364
4365
4381
4381
4381
4383
4384
4385
4387
4387
4388
4388
4389
4407
4407
4407
4409
4410
4411
4412
4413
4414
4415
4416
4427
4428
4429
4430
4431
4432
4449
4449
4450
4451
4452
4454
4455
4456
4458
4475
4475
4476
4477
4478
4478
4479
4479
4479
4481
4482
4278
4279
4279
4280
4281
4282
4284
4285
4286
4288
4304
4305
4306
4306
4307
4308
4309
4311
4312
4313
4315
4316
4316
4317
4318
4319
4320
4320
4321
4322
4322
4323
4325
4326
4326
4328
4329
4331
4331
4332
4332
4333
4333
4333
4335
4336
4336
4338
4338
4338
4339
4340
4341
4343
4344
4345
4346
4347
4348
4348
4349
4349
4349
4349
4349
4350
4352
4353
4353
4355
4356
4357
4357
4358
4358
4359
4360
4362
4363
4364
4366
4367
4368
4370
4372
4372
4373
4375
4376
4377
4377
4377
4378
4379
4380
4382
4383
4384
4385
4385
4241
4243
4244
4245
4247
4248
4248
4250
4251
4252
4254
4255
4256
4258
4259
4260
4262
4263
4264
4266
4267
4269
4270
4271
4273
4274
4275
4277
4278
4279
4280
4282
4283
4285
4286
4288
4289
4290
4292
4293
4294
4296
4297
4298
4300
4301
4303
4304
4305
4307
4308
4309
4311
4312
4313
4315
4316
4317
4319
4320
4321
4323
4324
4325
4327
4328
4330
4331
4332
4334
4335
4336
4338
4339
4340
4342
4343
4344
4346
4347
4348
4350
4351
4352
4354
4355
4356
4358
4359
4360
4362
4363
4364
4366
4367
4368
4370
4371
4372
4374
4297
4298
4300
4301
4302
4304
4305
4306
4308
4309
4310
4312
4313
4314
4316
4317
4318
4320
4321
4322
4324
4325
4326
4328
4329
4330
4332
4333
4335
4336
4337
4339
4339
4339
4339
4339
4339
4339
4339
4339
4339
4339
4339
4339
4339
4339
4339
4339
4339
4339
4339
4339
4339
4339
4339
4339
4339
4339
4339
4339
4339
