0
0
0
0
0
0
0
0
0
0
0
0
0
0
0
0
0
158
161
165
169
170
173
176
179
183
307
312
315
317
320
323
325
328
332
335
336
371
377
380
384
386
389
392
395
398
452
453
458
461
465
469
471
511
515
516
519
522
524
527
529
592
594
596
598
602
610
613
615
618
638
640
642
646
649
701
704
709
713
716
719
721
724
728
730
764
766
769
773
776
779
782
786
789
828
834
837
840
843
845
848
851
854
857
902
908
911
914
916
920
925
929
933
990
991
997
1000
1002
1006
1009
1012
1015
1019
1069
1072
1074
1077
1080
1083
1087
1091
1095
1099
1103
1182
1193
1196
1199
1204
1215
1219
1231
1235
1344
1348
1352
1357
1360
1365
1369
1372
1413
1418
1421
1424
1428
1431
1434
1436
1439
1440
1444
1462
1464
1467
1471
1475
1479
1485
1487
1492
1497
1572
1577
1581
1584
1588
1590
1593
1597
1599
1602
1665
1665
1670
1673
1678
1679
1684
1686
1689
1732
1736
1740
1744
1745
1755
1758
1761
1765
1786
1789
1791
1794
1800
1805
1808
1810
1814
1883
1889
1892
1895
1898
1901
1905
1908
1911
1914
1991
1994
2000
2003
2006
2007
2011
2015
2019
2060
2065
2066
2072
2075
2077
2082
2087
2090
2093
2158
2162
2168
2172
2176
2178
2181
2185
2188
2191
2194
2301
2308
2312
2315
2317
2321
2323
2325
2329
2371
2373
2376
2380
2383
2387
2389
2392
2396
2452
2454
2460
2461
2464
2467
2471
2475
2481
2585
2592
2595
2596
2599
2601
2612
2617
2621
2624
2705
2708
2712
2715
2718
2722
2724
2730
2829
2832
2835
2839
2843
2847
2851
2854
2857
2862
2936
2937
2942
2945
2952
2954
2958
2961
2964
2968
3049
3055
3060
3063
3066
3068
3071
3075
3078
3180
3189
3191
3193
3197
3201
3204
3209
3212
3273
3277
3283
3285
3290
3293
3295
3298
3300
3302
3325
3327
3329
3334
3339
3342
3346
3349
3351
3354
3439
3440
3448
3453
3464
3470
3480
3483
3486
3489
3546
3547
3550
3554
3559
3563
3566
3568
3571
3650
3654
3656
3659
3662
3665
3670
3672
3675
3685
3738
3744
3748
3752
3754
3756
3760
3765
3769
3775
3876
3887
3890
3893
3895
3899
3903
3906
3909
3912
4051
4052
4055
4057
4062
4066
4077
4087
4090
4252
4260
4262
4266
4269
4274
4279
4287
4291
4298
4446
4451
4453
4456
4459
4460
4464
4467
4623
4629
4639
4641
4645
4648
4651
4656
4659
4661
4706
4707
4709
4713
4716
4720
4723
4724
4728
4731
4734
4870
4883
4887
4889
4893
4897
4900
4903
4907
4909
4954
4955
4958
4963
4967
4972
4975
4977
4979
4982
5041
5041
5045
5049
5053
5055
5058
5061
5064
5112
5115
5118
5121
5139
5141
5144
5148
5151
5154
5158
5160
5163
5167
5203
5204
5207
5210
5214
5217
5219
5223
5226
5229
5251
5251
5254
5258
5261
5264
5267
5270
5273
5275
5355
5357
5359
5362
5366
5369
5372
5375
5379
5381
5383
5385
5401
5403
5406
5408
5410
5413
5417
5420
5423
5442
5443
5445
5447
5450
5454
5457
5460
5463
5465
5467
5484
5486
5489
5492
5496
5499
5500
5503
5506
5508
5606
5607
5610
5613
5616
5618
5622
5625
5628
5631
5670
5670
5673
5676
5677
5681
5684
5687
5691
5691
5710
5712
5714
5717
5719
5721
5724
5727
5729
5732
5771
5772
5775
5777
5781
5784
5787
5790
5792
5808
5809
5812
5815
5818
5820
5822
5824
5831
5832
5833
5882
5882
5883
5885
5888
5891
5892
5895
5897
5914
5914
5917
5919
5921
5924
5926
5928
5930
5932
5957
5958
5961
5965
5967
5968
5971
5974
5977
5980
6025
6026
6029
6032
6034
6038
6041
6044
6048
6092
6093
6097
6101
6104
6106
6108
6111
6113
6158
6159
6161
6164
6168
6171
6173
6176
6179
6183
6256
6256
6258
6260
6263
6266
6268
6270
6272
6274
6291
6292
6294
6297
6300
6303
6306
6310
6313
6315
6391
6392
6394
6398
6401
6404
6406
6409
6412
6432
6433
6435
6439
6442
6445
6448
6451
6453
6456
6457
6460
6518
6520
6522
6526
6529
6532
6535
6538
6541
6545
6643
6645
6647
6650
6653
6656
6659
6661
6665
6668
6711
6713
6716
6717
6721
6724
6727
6731
6734
6736
6739
6761
6762
6766
6769
6771
6773
6776
6780
6782
6829
6830
6832
6834
6836
6838
6839
6842
6845
6892
6893
6894
6897
6900
6901
6903
6905
6908
6911
6971
6974
6976
6979
6984
6988
6990
6992
6994
6996
7014
7016
7020
7022
7023
7026
7028
7031
7034
7084
7086
7088
7092
7095
7098
7102
7105
7107
7111
7177
7178
7186
7192
7195
7198
7284
7285
7293
7297
7301
7304
7306
7310
7313
7362
7370
7374
7377
7387
7392
7397
7403
7406
7410
7469
7472
7476
7480
7483
7486
7489
7492
7497
7574
7575
7581
7584
7587
7590
7593
7596
7600
7602
7641
7647
7649
7651
7656
7659
7667
7671
7720
7723
7727
7730
7732
7736
7739
7743
7745
7813
7814
7816
7819
7822
7824
7827
7830
7833
7879
7880
7882
7885
7888
7890
7891
7894
7897
7934
7936
7938
7940
7943
7946
7963
7964
7966
7968
7970
7972
7975
7977
7978
7981
7999
8000
8001
8003
8006
8009
8012
8013
8015
8018
8036
8037
8039
8041
8044
8045
8048
8050
8052
8055
8107
8108
8110
8112
8114
8117
8121
8123
8124
8184
8185
8186
8188
8190
8192
8193
8197
8200
8203
8245
8247
8249
8252
8254
8258
8261
8264
8268
8329
8331
8346
8348
8352
8355
8358
8361
8364
8367
8371
8451
8455
8458
8461
8464
8467
8471
8474
8477
8479
8549
8554
8559
8562
8566
8569
8572
8575
8578
8581
8628
8632
8636
8639
8643
8647
8648
8652
8654
8722
8723
8727
8730
8734
8736
8739
8743
8746
8840
8841
8844
8847
8850
8852
8855
8859
8862
8888
8890
8892
8896
8899
8901
8906
8909
8952
8964
8965
8968
8972
8974
8977
8981
8985
8990
9035
9038
9044
9047
9052
9056
9059
9063
9067
9071
9131
9133
9134
9139
9144
9148
9151
9153
9156
9159
9232
9232
9236
9239
9241
9244
9248
9251
9255
9300
9305
9308
9311
9315
9318
9322
9325
9328
9329
9332
9394
9394
9398
9401
9403
9407
9410
9412
9416
9419
9423
9509
9509
9513
9515
9517
9521
9524
9527
9531
9533
9536
9578
9578
9581
9585
9588
9590
9593
9596
9597
9601
9673
9673
9677
9682
9688
9691
9695
9698
9700
9763
9764
9767
9770
9773
9777
9780
9782
9786
9788
9791
9806
9807
9811
9814
9817
9820
9824
9827
9829
9850
9852
9856
9858
9861
9865
9868
9871
9875
9877
9893
9895
9898
9901
9905
9908
9911
9914
9916
9933
9935
9937
9940
9944
9947
9950
9953
9956
10008
10018
10025
10030
10033
10037
10040
10042
10046
10049
10094
10095
10098
10104
10107
10109
10114
10117
10120
10124
10193
10193
10198
10201
10204
10208
10211
10212
10219
10274
10278
10280
10284
10288
10291
10294
10297
10300
10303
10306
10373
10375
10380
10382
10388
10392
10396
10399
10403
10407
10411
10520
10523
10525
10528
10532
10535
10538
10541
10544
10651
10652
10654
10656
10659
10662
10666
10669
10671
10711
10713
10716
10719
10722
10726
10729
10732
10781
10782
10784
10788
10791
10794
10796
10799
10803
10806
10809
10860
10874
10875
10879
10882
10885
10889
10893
10903
10905
10947
10949
10951
10956
10960
10963
10964
10968
10971
11093
11094
11097
11100
11103
11106
11109
11179
11179
11182
11185
11188
11190
11192
11196
11198
11231
11238
11240
11242
11244
11247
11255
11260
11262
11302
11305
11315
11317
11320
11322
11326
11328
11329
11410
11414
11416
11420
11424
11430
11434
11437
11439
11444
11496
11502
11504
11508
11511
11515
11517
11529
11535
11613
11617
11621
11624
11628
11632
11634
11639
11642
11682
11682
11690
11694
11696
11700
11702
11705
11707
11771
11775
11777
11779
11783
11786
11787
11790
11793
11810
11811
11813
11816
11819
11822
11827
11830
11832
11893
11897
11900
11904
11907
11909
11912
11914
11917
11920
11959
11960
11965
11967
11972
11983
11986
11988
11991
11994
12053
12061
12063
12066
12070
12073
12076
12090
12097
12101
12193
12199
12201
12206
12209
12212
12214
12217
12219
12294
12301
12303
12306
12310
12313
12316
12319
12322
12369
12370
12375
12376
12382
12386
12399
12403
12407
12475
12481
12484
12488
12490
12493
12497
12500
12505
12582
12584
12588
12590
12596
12598
12602
12605
12609
12610
12689
12691
12693
12696
12701
12704
12707
12711
12714
12779
12786
12793
12795
12797
12800
12807
12815
12821
12895
12897
12900
12904
12907
12909
12912
12915
12918
12986
12992
12993
13010
13013
13016
13020
13077
13079
13081
13084
13089
13092
13095
13099
13102
13141
13143
13149
13150
13153
13156
13159
13163
13166
13169
13188
13189
13191
13196
13201
13204
13208
13214
13223
13227
13308
13316
13319
13324
13327
13330
13333
13335
13339
13341
13345
13348
13350
13353
13355
13357
13359
13362
13363
13365
13367
13369
13372
13375
13378
13381
13383
13385
13387
13391
13393
13396
13398
13401
13404
13407
13410
13414
13417
13421
13424
13427
13430
13433
13436
13439
13442
13446
13450
13453
13456
13459
13462
13465
13469
13472
13475
13478
13481
13484
13487
13490
13492
13495
13497
13500
13504
13507
13510
13513
13515
13519
13522
13525
13528
13530
13532
13534
13536
13539
13541
13544
13546
13548
13551
13555
13558
13561
13564
13566
13568
13570
13572
13576
13579
13583
13586
13588
13592
13595
13598
13602
13604
13607
13611
13614
13617
13620
13623
13624
13628
13631
13634
13638
13641
13644
13648
13651
13654
13657
13660
13664
13667
13671
13673
13676
13680
13683
13686
13690
13693
13696
13698
13701
13705
13708
13711
13715
13718
13720
13724
13727
13730
13734
13736
13739
13743
13746
13750
13753
13755
13759
13762
13765
13769
13771
13775
13778
13780
13784
13787
13790
13792
13793
13795
13798
13801
13802
13806
13810
13813
13816
13820
13828
13834
13838
13841
13844
13848
13851
13853
13857
13860
13863
13867
13870
13873
13876
13880
13883
13887
13891
13894
13898
13901
13903
13907
13909
13912
13916
13919
13922
13925
13928
13931
13935
13938
13939
13943
13945
13948
13952
13955
13957
13961
13964
13967
13971
13974
13977
13981
13982
13984
13986
13988
13991
13994
13998
14001
14003
14007
14010
14013
14017
14019
14023
14026
14029
14033
14036
14039
14042
14045
14049
14052
14053
14057
14060
14064
14066
14069
14073
14075
14078
14082
14085
14088
14091
14094
14097
14101
14104
14107
14110
14113
14116
14120
14123
14126
14130
14133
14135
14139
14141
14144
14148
14150
14153
14157
14160
14163
14166
14169
14172
14175
14178
14181
14184
14187
14190
14193
14195
14198
14201
14205
14207
14209
14213
14216
14218
14220
14221
14223
14226
14229
14231
14232
14232
14232
14232
14232
14232
14232
14232
14232
14232
14232
14232
14232
14232
14232
14232
14232
14232
14232
14232
14232
14232
14232
14232
14232
14232
14232
14232
14232
