33.919998 0.649740 0.000000 0.270000
58.911999 0.850640 0.000000 0.340000
88.047997 1.076040 0.000000 0.930000
93.199997 1.076040 0.000000 1.270000
93.519997 1.076040 0.000000 1.340000
93.575996 1.076040 0.000000 1.940000
93.968002 1.076040 0.000000 2.270000
94.112000 1.076040 0.000000 2.350000
94.176003 1.076040 0.000000 2.930000
94.400002 1.076040 0.000000 3.270000
94.496002 1.076040 0.000000 3.340000
95.040001 1.076040 0.000000 3.940000
95.160004 1.076040 0.000000 4.270000
95.183998 1.076040 0.000000 4.350000
135.751999 1.076040 0.000000 4.930000
136.000000 1.076040 0.000000 5.260000
136.031998 1.076040 0.000000 5.330000
160.240005 1.076040 0.000000 5.950000
160.287994 1.076040 0.000000 6.260000
164.720001 1.076040 0.000000 6.340000
181.904007 1.076040 0.000000 6.940000
182.048004 1.076040 0.000000 7.260000
190.871994 1.076040 0.000000 7.340000
197.919998 1.280540 0.000000 7.930000
201.735992 1.482823 0.000000 8.270000
206.848007 1.683578 0.000000 8.350000
211.231995 2.298032 0.000000 8.950000
217.231995 2.508138 0.000000 9.260000
220.024002 2.714240 0.000000 9.350000
227.664001 3.121595 0.000000 9.950000
232.848007 3.121595 0.000000 10.260000
234.824005 3.121595 0.000000 10.340000
241.447998 3.531740 0.000000 10.950000
243.552002 3.734470 0.000000 11.280000
247.207993 3.943284 0.000000 11.330000
250.559998 4.557883 0.000000 11.950000
255.192001 4.762940 0.000000 12.280000
259.343994 4.762940 0.000000 12.330000
261.760010 5.383607 0.000000 12.950000
269.104004 5.588094 193.141174 13.280000
273.335999 5.588094 193.141174 13.320000
275.272003 5.791019 193.141174 13.960000
280.200012 5.995902 193.141174 14.270000
283.743988 5.995902 193.141174 14.340000
285.808014 6.405807 193.141174 14.940000
289.864014 6.811623 193.141174 15.260000
292.231995 6.811623 193.141174 15.330000
293.712006 7.433030 193.141174 15.930000
296.727997 7.848229 193.141174 16.280001
299.328003 7.848229 193.141174 16.350000
300.303986 8.459560 193.141174 16.950001
304.303986 8.661603 193.141174 17.280001
307.000000 8.867748 193.141174 17.330000
307.799988 9.280782 193.141174 17.940001
315.239990 9.685007 193.141174 18.270000
318.079987 9.685007 193.141174 18.340000
318.760010 10.300113 193.141174 18.940001
335.424011 10.507742 193.141174 19.280001
338.936005 10.712053 193.141174 19.350000
339.911987 11.115431 193.141174 19.940001
353.696014 11.524913 193.141174 20.260000
357.160004 11.524913 193.141174 20.340000
358.272003 12.141932 193.141174 20.930000
365.832001 12.347895 193.141174 21.280001
369.656006 12.550836 193.141174 21.330000
370.920013 13.162923 193.141174 21.959999
375.976013 13.371573 193.141174 22.280001
382.303986 13.371573 193.141174 22.350000
382.976013 13.990076 193.141174 22.930000
384.664001 14.404430 193.141174 23.260000
393.880005 14.404430 193.141174 23.350000
394.623993 14.815216 236.474014 23.959999
396.247986 15.016001 236.474014 24.260000
408.799988 15.016001 236.474014 24.360001
409.488007 15.220528 236.474014 24.959999
410.928009 15.423465 236.474014 25.280001
422.936005 15.423465 236.474014 25.340000
423.839996 16.040268 236.474014 25.959999
426.063995 16.449390 236.474014 26.260000
431.648010 16.449390 236.474014 26.350000
432.320007 17.070023 236.474014 26.950001
433.839996 17.275965 236.474014 27.280001
437.119995 17.485031 236.474014 27.350000
437.752014 17.893620 236.474014 27.950001
439.384003 18.303709 236.474014 28.280001
443.007996 18.303709 236.474014 28.330000
443.959991 18.913816 236.474014 28.950001
446.079987 19.115120 236.474014 29.290001
450.119995 19.321810 236.474014 29.340000
451.735992 19.747417 236.474014 29.940001
457.208008 20.159777 236.474014 30.280001
460.671997 20.159777 236.474014 30.330000
462.384003 20.780689 236.474014 30.930000
471.631989 21.193707 236.474014 31.270000
475.903992 21.193707 236.474014 31.360001
476.463989 21.607197 236.474014 31.930000
494.040009 22.012098 236.474014 32.279999
497.048004 22.012098 236.474014 32.360001
497.584015 22.635916 236.474014 32.939999
508.687988 22.839823 236.474014 33.290001
511.544006 23.049484 236.474014 33.340000
512.112000 23.454857 236.474014 33.959999
526.471985 23.656326 308.675842 34.270000
529.383972 23.656326 308.675842 34.349998
531.112000 23.656326 308.675842 34.930000
545.583984 23.857870 308.675842 35.279999
549.583984 23.857870 308.675842 35.360001
550.335999 24.464373 308.675842 35.959999
560.064026 24.871233 308.675842 36.270000
562.768005 24.871233 308.675842 36.360001
563.791992 25.477310 308.675842 36.939999
572.744019 25.684406 308.675842 37.279999
577.976013 25.891644 308.675842 37.330002
578.520020 26.298292 308.675842 37.959999
585.888000 26.703836 308.675842 38.259998
593.176025 26.703836 308.675842 38.330002
594.544006 27.318521 308.675842 38.970001
598.943970 27.733644 308.675842 39.290001
606.007996 27.733644 308.675842 39.330002
609.968018 28.349144 308.675842 39.939999
616.247986 28.551556 308.675842 40.279999
620.231995 28.755243 308.675842 40.360001
620.823975 29.364544 308.675842 40.959999
627.719971 29.568552 308.675842 41.270000
630.960022 29.568552 308.675842 41.349998
631.271973 30.179926 308.675842 41.939999
639.375977 30.386559 308.675842 42.270000
642.151978 30.587931 308.675842 42.349998
642.664001 30.789295 307.787933 42.970001
651.552002 30.789295 307.787933 43.270000
654.096008 30.789295 307.787933 43.349998
654.591980 31.194435 307.787933 43.950001
661.328003 31.598328 307.787933 44.279999
662.992004 31.598328 307.787933 44.330002
663.247986 32.221878 307.787933 44.919998
672.000000 32.634449 307.787933 45.279999
673.856018 32.634449 307.787933 45.369999
673.992004 33.264252 307.787933 45.959999
680.184021 33.469990 307.787933 46.259998
682.064026 33.469990 307.787933 46.349998
682.176025 34.084602 307.787933 46.950001
685.280029 34.501759 307.787933 47.290001
688.007996 34.501759 307.787933 47.330002
690.432007 35.118450 307.787933 47.950001
693.392029 35.327057 307.787933 48.299999
696.080017 35.536259 307.787933 48.340000
697.440002 35.943459 307.787933 48.939999
701.768005 36.354321 307.787933 49.290001
705.903992 36.354321 307.787933 49.330002
706.064026 36.965004 307.787933 49.950001
711.375977 37.172741 307.787933 50.270000
713.504028 37.381943 307.787933 50.330002
713.687988 37.997921 307.787933 50.970001
717.392029 38.205273 307.787933 51.270000
718.223999 38.406311 307.787933 51.360001
718.351990 38.816525 307.787933 51.959999
722.880005 39.229031 307.787933 52.290001
723.471985 39.229031 307.787933 52.330002
723.632019 39.840809 307.787933 52.939999
723.840027 40.043983 321.930908 53.330002
730.335999 40.043983 321.930908 53.330002
730.447998 40.244934 321.930908 53.959999
735.599976 40.244934 321.930908 54.259998
735.799988 40.446396 321.930908 54.340000
736.031982 40.855129 321.930908 54.970001
741.888000 41.075085 321.930908 55.259998
742.064026 41.286488 321.930908 55.349998
742.304016 41.699532 321.930908 55.939999
750.719971 42.109928 321.930908 56.290001
750.919983 42.109928 321.930908 56.330002
751.064026 42.727566 321.930908 56.950001
758.400024 43.143925 321.930908 57.279999
759.015991 43.143925 321.930908 57.330002
760.159973 43.753262 321.930908 57.970001
768.112000 43.956909 321.930908 58.270000
769.255981 44.160835 321.930908 58.360001
769.559998 44.566643 321.930908 58.959999
781.119995 44.976887 321.930908 59.259998
783.056030 44.976887 321.930908 59.340000
785.000000 45.587906 321.930908 59.959999
794.776001 45.794151 321.930908 60.259998
795.104004 45.999527 321.930908 60.340000
795.343994 46.405441 321.930908 60.939999
804.351990 46.819145 321.930908 61.299999
804.895996 46.819145 321.930908 61.340000
805.088013 47.428986 321.930908 61.950001
813.119995 47.838528 321.930908 62.290001
814.271973 47.838528 321.930908 62.340000
814.447998 48.451157 321.930908 62.930000
820.591980 48.655201 321.930908 63.270000
824.304016 48.655201 321.930908 63.369999
824.856018 49.270824 321.930908 63.930000
828.151978 49.475632 345.242462 64.349998
832.200012 49.475632 345.242462 64.349998
832.447998 49.677734 345.242462 64.949997
834.280029 49.677734 345.242462 65.290001
839.320007 49.879669 345.242462 65.339996
839.479980 50.283089 345.242462 65.930000
841.495972 50.484528 345.242462 66.290001
845.367981 50.693054 345.242462 66.330002
845.471985 51.107273 345.242462 66.930000
849.567993 51.512600 345.242462 67.269997
853.096008 51.512600 345.242462 67.360001
853.263977 52.127537 345.242462 67.970001
859.656006 52.335106 345.242462 68.290001
863.383972 52.540497 345.242462 68.339996
863.512024 52.946705 345.242462 68.970001
876.591980 53.358948 345.242462 69.269997
880.000000 53.358948 345.242462 69.360001
880.159973 53.966984 345.242462 69.940002
896.856018 54.384407 345.242462 70.290001
901.487976 54.384407 345.242462 70.330002
901.823975 54.996872 345.242462 70.930000
909.528015 55.203583 345.242462 71.269997
911.695984 55.404869 345.242462 71.360001
912.512024 55.809807 345.242462 71.959999
918.383972 56.224960 345.242462 72.269997
921.031982 56.224960 345.242462 72.360001
921.567993 56.845001 345.242462 72.940002
922.952026 57.051422 345.242462 73.279999
925.807983 57.257660 345.242462 73.370003
926.280029 57.666939 345.242462 73.959999
928.192017 58.073315 323.637299 74.349998
929.656006 58.073315 323.637299 74.349998
930.575989 58.274029 323.637299 74.940002
931.416016 58.274029 323.637299 75.290001
933.375977 58.274029 323.637299 75.330002
934.328003 58.683270 323.637299 75.949997
935.015991 59.097389 323.637299 76.290001
937.616028 59.097389 323.637299 76.360001
938.383972 59.719082 323.637299 76.930000
941.447998 60.123955 323.637299 77.279999
943.479980 60.123955 323.637299 77.370003
944.088013 60.532097 323.637299 77.940002
954.112000 60.938023 323.637299 78.260002
955.703979 60.938023 323.637299 78.339996
956.239990 61.557846 323.637299 78.940002
980.432007 61.970417 323.637299 79.290001
982.632019 61.970417 323.637299 79.330002
983.880005 62.585625 323.637299 79.940002
999.312012 62.793076 323.637299 80.279999
1002.088013 62.995071 323.637299 80.360001
1002.591980 63.400551 323.637299 80.930000
1011.703979 63.612610 323.637299 81.260002
1013.447998 63.815842 323.637299 81.349998
1013.791992 64.223900 323.637299 81.949997
1017.768005 64.430473 277.733765 82.290001
1019.520020 64.430473 277.733765 82.339996
1019.968018 64.430473 277.733765 82.940002
1020.736023 64.633820 277.733765 83.279999
1022.536011 64.839371 277.733765 83.370003
1022.632019 65.244835 277.733765 83.930000
