0.000004 -0.000002 0.430265 -0.000000 -0.000000 0.000000 0.000000
0.000006 -0.000003 0.634172 -0.000000 -0.000001 -0.000000 0.270000
0.000007 -0.000003 0.839472 -0.000001 -0.000001 -0.000000 0.490000
0.000007 -0.000003 1.046384 -0.000000 -0.000001 -0.000000 0.690000
0.000007 -0.000003 1.252824 -0.000000 -0.000001 -0.000000 0.880000
0.000007 -0.000003 1.463395 -0.000000 -0.000000 -0.000000 1.070000
0.000007 -0.000003 1.674283 -0.000000 -0.000000 -0.000000 1.260000
0.000006 -0.000003 1.882800 0.000000 0.000000 -0.000000 1.450000
0.000006 -0.000003 2.087495 0.000000 0.000000 -0.000000 1.640000
0.000006 -0.000003 2.296021 0.000000 0.000000 -0.000000 1.840000
0.000006 -0.000003 2.500525 -0.000000 -0.000000 -0.000000 2.090000
0.000004 -0.000002 2.295841 0.000000 0.000001 0.000000 2.930000
0.000004 -0.000002 2.090734 0.000000 0.000001 0.000000 3.130000
0.000007 -0.000002 1.882893 0.000000 0.000102 0.000000 3.310000
0.000031 -0.000002 1.676444 -0.000000 -0.000006 0.000000 3.480000
0.000053 -0.000002 1.467440 -0.000000 -0.000051 0.000000 3.650000
0.000084 -0.000002 1.261291 -0.000001 0.005085 0.000000 3.820000
0.003079 0.000000 1.060440 -0.000079 0.051699 -0.000001 4.000000
0.032032 0.000055 0.862023 -0.000426 0.108746 -0.000012 4.220000
0.151970 0.000486 0.693974 -0.000842 0.122314 -0.000003 4.510000
0.342504 0.001447 0.624673 -0.000758 0.095933 0.000086 4.770000
0.544403 0.002621 0.609306 -0.000312 0.005495 0.000259 4.990000
0.747082 0.003931 0.620097 0.000424 -0.082783 0.000452 5.220000
0.944204 0.005168 0.656702 0.001164 -0.115617 0.000652 5.550000
1.146402 -0.017774 0.658288 0.010742 0.125691 -0.018687 6.500000
1.351123 -0.044091 0.644059 0.004690 0.089739 -0.036891 6.800000
1.553410 -0.067994 0.633867 0.000679 0.058752 -0.052271 7.030000
1.755360 -0.090489 0.625968 -0.000816 0.044030 -0.066028 7.240000
1.956033 -0.111761 0.619783 -0.000777 0.034069 -0.077529 7.440000
2.160696 -0.132792 0.614702 -0.000018 0.029094 -0.085618 7.640000
2.366526 -0.153710 0.610270 -0.001200 0.010663 -0.089188 7.840000
2.567428 -0.173341 0.604236 -0.009135 0.000911 -0.087934 8.040000
2.769660 -0.189418 0.593770 -0.014930 0.009575 -0.081448 8.250000
2.976033 -0.199278 0.577226 -0.016421 0.022112 -0.070277 8.470000
3.181052 -0.201992 0.556895 -0.011717 0.012400 -0.057112 8.690000
3.382630 -0.199618 0.537078 -0.004774 0.021589 -0.044018 8.910000
3.583785 -0.195475 0.520880 0.000015 0.021349 -0.031735 9.130000
3.784509 -0.191787 0.509352 0.002507 0.016051 -0.020896 9.350000
3.992141 -0.189497 0.502235 0.003185 0.026702 -0.011442 9.580000
4.200578 -0.189046 0.499378 0.002729 0.017249 -0.004160 9.810000
4.407696 -0.190032 0.499377 0.001864 0.027235 0.001102 10.040000
4.608072 -0.191808 0.501003 0.001191 0.034600 0.004481 10.260000
4.813992 -0.193982 0.503363 0.000747 0.036401 0.007293 10.480000
5.016113 -0.196165 0.505658 -0.000086 0.025953 0.010336 10.690000
5.219627 -0.198008 0.508456 -0.002775 0.019175 0.013773 10.900000
5.421594 -0.198518 0.512542 -0.004421 0.022308 0.017318 11.110000
5.623201 -0.197016 0.518371 -0.004455 0.028466 0.020724 11.320000
5.826695 -0.193486 0.526010 -0.003516 0.030327 0.023848 11.530000
6.032611 -0.188353 0.534947 -0.002257 0.016061 0.026671 11.740000
6.235699 -0.182321 0.544397 -0.000942 0.008507 0.030126 11.950000
6.441946 -0.175717 0.554144 -0.002354 0.013081 0.035754 12.170000
6.643874 -0.167928 0.561575 -0.008763 0.022046 0.043853 12.390000
6.845629 -0.156206 0.565545 -0.011726 0.033851 0.054500 12.610000
7.051924 -0.139005 0.565882 -0.010972 0.036572 0.066956 12.830000
7.254122 -0.117739 0.562994 -0.008097 0.031851 0.079382 13.040000
7.459749 -0.093057 0.557594 -0.004757 0.029820 0.091365 13.250000
7.667547 -0.066435 0.550485 -0.001964 0.026661 0.102317 13.460000
7.866427 -0.040407 0.542802 -0.000169 0.024441 0.111190 13.660000
8.065454 -0.014449 0.534722 0.000708 0.023717 0.117248 13.860000
8.264297 0.011114 0.526610 0.001182 0.024012 0.119439 14.060000
8.463158 0.036007 0.519205 0.004939 0.024423 0.117839 14.260000
8.662294 0.058972 0.513239 0.008630 0.023627 0.113308 14.460000
8.861533 0.078688 0.508939 0.009414 0.023810 0.106748 14.660000
9.061051 0.094925 0.506312 0.008150 0.024689 0.098988 14.860000
9.260869 0.108238 0.505062 0.005674 0.010907 0.090625 15.060000
9.462710 0.119470 0.504314 0.002022 -0.060787 0.081752 15.270000
9.662536 0.128619 0.503379 -0.000949 -0.114868 0.071877 15.530000
9.851336 0.114811 0.574366 0.031978 0.079245 0.045789 16.360001
9.983728 0.064234 0.715780 0.024172 0.079754 0.023646 16.719999
10.130184 0.014091 0.851219 0.016026 0.063637 0.002796 16.969999
10.277857 -0.033625 0.981215 0.009861 0.046968 -0.014982 17.180000
10.430733 -0.081048 1.110177 -0.001770 0.034043 -0.029311 17.379999
10.590552 -0.125722 1.227818 -0.023547 0.047441 -0.039621 17.580000
10.769230 -0.162201 1.326941 -0.036056 0.052020 -0.044599 17.790001
10.959927 -0.183931 1.396355 -0.035450 0.031273 -0.042491 18.000000
11.164708 -0.191317 1.438583 -0.028256 0.025988 -0.035403 18.219999
