0
0
0
0
0
0
0
0
0
0
0
0
0
0
0
0
0
112
127
133
136
139
142
145
148
152
155
197
203
206
210
213
216
219
222
225
229
274
276
279
282
285
288
297
301
304
307
339
341
344
347
349
352
356
359
363
366
370
413
421
425
428
431
435
439
443
447
524
528
532
536
539
543
546
548
552
556
632
635
638
641
644
647
651
658
666
669
701
717
720
723
726
730
734
737
834
835
839
842
846
848
851
855
858
862
883
889
891
893
894
898
901
905
908
910
934
936
939
942
946
950
953
956
959
962
995
1000
1003
1006
1009
1013
1015
1018
1021
1023
1026
1078
1079
1082
1085
1088
1091
1095
1098
1103
1107
1110
1168
1169
1171
1175
1178
1182
1186
1187
1193
1195
1238
1242
1247
1250
1252
1263
1266
1272
1277
1278
1280
1322
1328
1330
1333
1337
1340
1343
1346
1382
1387
1400
1403
1408
1411
1414
1418
1422
1461
1462
1464
1468
1473
1476
1480
1484
1486
1489
1556
1558
1561
1565
1568
1571
1575
1578
1582
1637
1639
1642
1645
1648
1651
1655
1658
1662
1708
1710
1713
1716
1718
1722
1725
1728
1731
1734
1738
1797
1802
1808
1815
1816
1822
1825
1828
1832
1835
1838
1936
1938
1942
1945
1948
1951
1953
1956
1960
2072
2073
2076
2078
2081
2083
2086
2090
2092
2095
2099
2121
2122
2126
2129
2131
2135
2138
2141
2159
2160
2163
2166
2169
2173
2176
2179
2182
2184
2265
2265
2269
2272
2275
2277
2280
2284
2287
2290
2334
2335
2337
2341
2344
2347
2351
2354
2357
2360
2363
2402
2402
2405
2409
2411
2412
2415
2417
2419
2423
2440
2441
2445
2447
2450
2454
2457
2460
2464
2481
2482
2485
2487
2488
2491
2494
2497
2500
2559
2560
2563
2565
2568
2571
2573
2574
2577
2580
2622
2623
2625
2627
2630
2633
2637
2639
2642
2662
2663
2666
2668
2669
2671
2673
2675
2677
2678
2697
2698
2700
2703
2705
2707
2709
2713
2715
2718
2758
2758
2761
2765
2767
2770
2772
2775
2778
2782
2852
2853
2859
2860
2864
2867
2871
2874
2877
2880
2960
2969
2975
2978
2982
2985
2988
2995
2997
3001
3093
3106
3110
3115
3119
3122
3125
3129
3133
3135
3200
3210
3214
3218
3219
3223
3226
3229
3232
3235
3374
3380
3383
3387
3392
3396
3399
3402
3405
3408
3411
3530
3532
3537
3546
3551
3553
3557
3561
3564
3606
3613
3616
3619
3622
3626
3629
3632
3635
3675
3685
3687
3691
3694
3697
3700
3703
3706
3710
3713
3730
3743
3747
3750
3752
3755
3758
3761
3781
3782
3783
3786
3789
3792
3794
3797
3800
3839
3845
3848
3852
3857
3861
3863
3866
3869
3919
3928
3933
3937
3940
3941
3945
3953
3958
4063
4070
4074
4078
4080
4083
4087
4091
4095
4098
4151
4152
4155
4158
4161
4164
4167
4171
4175
4177
4320
4329
4331
4337
4340
4344
4347
4350
4357
4361
4365
4435
4438
4441
4446
4449
4455
4457
4460
4462
4466
4553
4553
4557
4560
4563
4566
4569
4572
4575
4577
4649
4651
4660
4663
4667
4669
4672
4676
4678
4681
4699
4700
4701
4704
4718
4725
4727
4731
4733
4736
4808
4808
4811
4813
4816
4820
4823
4827
4829
4832
4887
4888
4891
4895
4897
4900
4903
4906
4909
4913
4930
4931
4933
4938
4940
4943
4947
4949
4952
4956
4958
4977
4978
4980
4984
4987
4991
4994
4997
5000
5002
5074
5075
5077
5079
5082
5085
5088
5090
5094
5097
5100
5118
5120
5123
5127
5129
5132
5136
5139
5142
5146
5212
5219
5223
5226
5229
5232
5235
5237
5239
5241
5278
5279
5281
5284
5285
5287
5290
5292
5295
5312
5312
5315
5317
5320
5322
5325
5327
5328
5330
5347
5347
5349
5353
5355
5357
5359
5361
5362
5364
5382
5383
5385
5387
5390
5392
5395
5397
5398
5411
5412
5413
5416
5419
5422
5426
5429
5431
5435
5455
5457
5459
5463
5466
5469
5472
5474
5477
5481
5494
5494
5499
5502
5535
5536
5543
5553
5555
5558
5561
5564
5567
5571
5595
5597
5601
5604
5608
5610
5614
5616
5619
5623
5625
5666
5667
5669
5672
5676
5679
5682
5684
5687
5726
5728
5731
5734
5738
5742
5745
5748
5751
5790
5791
5794
5798
5801
5805
5808
5810
5814
5835
5835
5839
5842
5846
5848
5851
5855
5858
5895
5896
5899
5902
5906
5909
5911
5915
5918
5955
5957
5959
5962
5966
5971
5974
5977
5980
5984
5987
6005
6005
6007
6009
6012
6014
6015
6018
6020
6022
6025
6046
6047
6051
6052
6056
6059
6061
6064
6067
6070
6072
6075
6093
6094
6096
6098
6102
6104
6107
6111
6113
6135
6135
6137
6140
6143
6145
6146
6148
6150
6154
6156
6187
6189
6192
6195
6198
6200
6203
6206
6209
6212
6215
6232
6232
6236
6239
6240
6244
6246
6249
6253
6256
6277
6279
6282
6283
6287
6290
6293
6296
6298
6301
6381
6382
6384
6388
6391
6395
6398
6399
6403
6405
6408
6411
6470
6470
6474
6477
6481
6484
6487
6489
6491
6494
6497
6515
6515
6517
6520
6523
6526
6530
6533
6535
6539
6542
6560
6562
6565
6568
6572
6575
6577
6596
6598
6601
6604
6607
6609
6613
6616
6619
6622
6681
6683
6685
6686
6689
6693
6695
6698
6702
6720
6720
6724
6727
6729
6732
6734
6737
6740
6741
6754
6754
6758
6761
6764
6764
6773
6773
6776
6795
6797
6799
6803
6806
6807
6811
6814
6818
6821
6824
6844
6845
6848
6850
6851
6853
6855
6857
6859
6862
6880
6881
6883
6884
6886
6889
6891
6893
6896
6899
6918
6919
6921
6924
6927
6930
6932
6934
6937
6939
6941
6959
6960
6963
6965
6968
6971
6974
6976
6978
6980
6982
6996
6997
6999
7001
7002
7004
7008
7010
7012
7029
7030
7033
7036
7038
7041
7044
7048
7051
7053
7073
7074
7077
7080
7082
7085
7089
7092
7094
7098
7101
7105
7124
7125
7127
7129
7133
7135
7138
7142
7145
7149
7152
7178
7180
7183
7186
7189
7193
7196
7210
7211
7214
7215
7218
7221
7224
7228
7231
7247
7249
7252
7254
7258
7261
7264
7268
7270
7288
7289
7292
7295
7298
7301
7303
7305
7306
7324
7325
7327
7330
7333
7335
7339
7340
7342
7345
7364
7365
7366
7368
7371
7374
7377
7380
7383
7420
7422
7423
7426
7430
7433
7436
7440
7442
7445
7449
7493
7494
7498
7501
7504
7507
7509
7512
7516
7519
7522
7636
7637
7639
7643
7646
7650
7653
7655
7659
7662
7731
7732
7736
7739
7742
7744
7747
7751
7754
7757
7760
7826
7828
7831
7835
7838
7841
7844
7847
7850
7900
7900
7903
7906
7909
7911
7915
7918
7921
7925
7927
7930
7988
7990
7993
7996
7999
8002
8006
8009
8012
8036
8037
8038
8042
8045
8049
8052
8055
8058
8060
8063
8082
8083
8086
8090
8093
8096
8099
8102
8106
8109
8112
8133
8134
8137
8140
8143
8147
8150
8174
8175
8178
8180
8182
8185
8188
8192
8193
8247
8249
8251
8254
8258
8261
8264
8266
8269
8272
8275
8277
8316
8317
8320
8323
8326
8329
8331
8335
8338
8359
8359
8360
8364
8367
8369
8372
8374
8377
8380
8382
8400
8401
8404
8407
8410
8413
8416
8419
8422
8425
8444
8445
8447
8450
8453
8455
8459
8462
8465
8468
8486
8487
8490
8493
8495
8497
8499
8503
8506
8524
8526
8529
8532
8536
8538
8540
8544
8547
8550
8570
8571
8572
8576
8579
8582
8586
8589
8591
8595
8598
8617
8618
8622
8625
8629
8631
8634
8637
8640
8643
8662
8664
8667
8671
8673
8676
8679
8681
8683
8686
8688
8705
8706
8709
8713
8715
8717
8720
8723
8726
8729
8748
8748
8751
8755
8757
8759
8761
8764
8766
8769
8785
8786
8789
8791
8795
8798
8799
8801
8803
8823
8823
8826
8830
8832
8836
8839
8842
8846
8849
8867
8868
8870
8873
8876
8879
8882
8884
8887
8891
8909
8910
8912
8916
8918
8920
8922
8925
8927
8931
8934
8950
8952
8954
8958
8961
8965
8967
8968
8972
8975
8978
8996
8997
9001
9004
9006
9007
9009
9012
9016
9019
9037
9038
9040
9042
9045
9047
9049
9051
9053
9056
9074
9074
9078
9080
9082
9083
9086
9090
9092
9106
9107
9109
9112
9115
9118
9121
9139
9139
9142
9145
9148
9151
9153
9156
9159
9161
9173
9174
9178
9180
9183
9185
9187
9204
9206
9208
9211
9213
9215
9217
9219
9221
9222
9244
9244
9246
9249
9252
9255
9256
9258
9260
9262
9265
9283
9285
9287
9288
9291
9294
9296
9298
9302
9304
9308
9310
9329
9331
9333
9336
9339
9341
9345
9347
9350
9354
9356
9377
9379
9382
9386
9388
9391
9394
9411
9413
9416
9419
9422
9424
9427
9429
9431
9434
9442
9442
9444
9464
9464
9468
9470
9473
9475
9478
9481
9484
9487
9507
9508
9511
9514
9517
9520
9523
9524
9526
9529
9531
9549
9550
9553
9555
9557
9558
9560
9562
9565
9568
9569
9589
9591
9594
9596
9598
9599
9601
9603
9606
9608
9624
9626
9628
9631
9634
9637
9640
9643
9645
9648
9665
9665
9668
9671
9674
9676
9679
9681
9683
9686
9688
9706
9708
9711
9714
9716
9719
9723
9726
9727
9730
9749
9749
9752
9755
9758
9761
9764
9767
9768
9771
9789
9790
9792
9795
9797
9801
9803
9806
9808
9827
9827
9831
9834
9836
9837
9840
9842
9846
9864
9865
9868
9871
9872
9876
9878
9880
9883
9886
9905
9905
9907
9911
9913
9915
9919
9922
9925
9928
9947
9948
9950
9953
9956
9959
9960
9963
9966
9969
9972
10008
10009
10013
10014
10016
10018
10020
10023
10026
10045
10046
10047
10051
10053
10057
10060
10062
10065
10068
10070
10087
10089
10091
10094
10097
10099
10101
10103
10105
10107
10124
10125
10128
10130
10133
10135
10137
10140
10142
10145
10164
10165
10166
10170
10172
10174
10176
10178
10179
10181
10199
10200
10201
10204
10207
10210
10212
10215
10218
10221
10242
10242
10246
10249
10252
10254
10256
10258
10261
10263
10265
10268
10284
10284
10288
10290
10292
10293
10296
10298
10300
10317
10318
10321
10324
10327
10329
10333
10336
10339
10343
10362
10363
10364
10366
10369
10371
10374
10376
10378
10379
10383
10402
10403
10406
10409
10410
10412
10414
10417
10420
10423
10424
10441
10443
10445
10449
10451
10454
10457
10458
10461
10481
10482
10485
10488
10490
10493
10496
10498
10500
10504
10506
10516
10518
10521
10524
10527
10545
10545
10547
10550
10553
10556
10558
10560
10561
10563
10580
10580
10583
10586
10588
10590
10591
10593
10595
10612
10612
10614
10616
10618
10620
10622
10624
10626
10630
10630
10632
10634
10635
10637
10639
10641
10644
10646
10649
10653
10656
10659
10662
10664
10666
10668
10670
10672
10674
10677
10677
10677
10677
10677
10677
10677
10677
10677
10677
10677
10677
10677
10677
10677
10677
10677
10677
10677
10677
10677
