0
0
0
0
0
0
0
0
0
0
0
0
0
0
0
0
0
0
91
105
107
110
114
116
120
123
126
130
168
173
176
178
181
185
187
190
194
196
238
242
248
250
254
257
260
264
266
269
273
310
316
319
323
326
328
330
331
333
374
380
382
384
387
389
392
396
401
476
482
484
487
491
494
497
500
503
507
510
513
601
607
619
623
627
631
634
645
652
662
758
759
765
767
770
774
776
779
782
784
787
821
821
824
829
834
838
841
843
847
849
894
896
900
979
980
984
987
990
993
996
1000
1002
1007
1051
1054
1062
1064
1067
1070
1087
1090
1094
1111
1113
1115
1119
1123
1126
1128
1132
1137
1174
1178
1194
1198
1201
1205
1209
1213
1217
1219
1263
1264
1267
1271
1274
1279
1283
1287
1292
1294
1335
1338
1341
1345
1349
1352
1355
1360
1363
1388
1390
1394
1397
1400
1403
1406
1410
1413
1417
1462
1463
1467
1470
1473
1476
1479
1483
1487
1491
1535
1543
1548
1553
1555
1558
1561
1564
1565
1569
1683
1683
1686
1690
1693
1696
1699
1702
1706
1708
1818
1820
1822
1825
1829
1832
1835
1838
1841
1845
1867
1867
1871
1874
1877
1880
1883
1886
1890
1945
1946
1949
1952
1954
1955
1959
1962
1965
1968
2021
2022
2026
2029
2033
2036
2037
2041
2044
2047
2051
2075
2076
2080
2082
2085
2089
2092
2133
2134
2136
2139
2143
2145
2147
2151
2153
2156
2173
2176
2177
2181
2184
2188
2191
2228
2230
2232
2236
2238
2240
2244
2246
2249
2252
2263
2264
2267
2269
2272
2275
2306
2308
2312
2315
2316
2320
2323
2325
2328
2331
2333
2346
2348
2351
2355
2358
2360
2394
2395
2397
2400
2403
2406
2408
2412
2415
2417
2420
2439
2440
2443
2446
2449
2452
2456
2458
2461
2464
2467
2501
2503
2507
2510
2512
2516
2519
2521
2524
2526
2545
2547
2551
2553
2556
2558
2560
2564
2567
2569
2573
2605
2608
2610
2612
2615
2617
2620
2624
2626
2629
2640
2641
2644
2648
2651
2695
2696
2700
2703
2706
2709
2713
2716
2718
2736
2737
2740
2743
2746
2749
2752
2753
2755
2775
2775
2779
2782
2786
2789
2791
2795
2797
2815
2817
2819
2823
2826
2828
2831
2833
2834
2838
2891
2892
2893
2895
2897
2901
2903
2906
2909
2912
2932
2932
2935
2938
2941
2943
2947
2950
2953
2957
2978
2979
2982
2986
2991
2992
2996
3014
3019
3021
3024
3026
3029
3032
3034
3036
3038
3069
3085
3087
3089
3091
3093
3097
3100
3103
3106
3118
3119
3123
3125
3126
3130
3132
3135
3139
3141
3160
3162
3164
3167
3169
3171
3174
3176
3178
3180
3199
3200
3202
3203
3206
3209
3212
3216
3219
3221
3258
3259
3262
3265
3269
3272
3276
3279
3282
3286
3352
3354
3357
3359
3361
3364
3369
3371
3375
3437
3438
3441
3444
3447
3450
3454
3457
3458
3464
3526
3538
3544
3547
3553
3559
3565
3569
3572
3575
3717
3725
3732
3737
3741
3745
3752
3755
3760
3764
3865
3866
3870
3873
3876
3879
3882
3885
3889
3894
3987
3992
3995
3998
4001
4004
4007
4008
4011
4015
4029
4030
4036
4038
4041
4044
4047
4050
4054
4089
4095
4103
4107
4110
4113
4116
4119
4122
4126
4145
4184
4186
4189
4194
4198
4201
4205
4208
4211
4265
4266
4268
4272
4276
4278
4281
4284
4286
4289
4358
4359
4361
4365
4368
4370
4374
4378
4381
4384
4388
4406
4408
4411
4413
4417
4419
4422
4426
4428
4446
4447
4450
4453
4456
4460
4463
4466
4469
4487
4489
4491
4494
4498
4501
4503
4507
4510
4513
4535
4535
4538
4541
4545
4548
4549
4553
4556
4580
4581
4584
4587
4590
4591
4595
4597
4599
4603
4606
4608
4626
4627
4628
4630
4633
4636
4639
4641
4644
4658
4660
4662
4665
4668
4671
4674
4677
4680
4683
4696
4696
4700
4703
4706
4710
4713
4715
4719
4737
4738
4740
4743
4746
4750
4752
4755
4759
4777
4777
4779
4781
4783
4786
4788
4792
4794
4797
4815
4817
4820
4822
4824
4825
4827
4829
4831
4833
4850
4851
4855
4858
4860
4864
4867
4870
4873
4934
4935
4938
4941
4944
4948
4951
4953
4957
4960
5030
5032
5034
5037
5041
5043
5046
5050
5053
5056
5165
5166
5169
5172
5174
5175
5179
5182
5185
5189
5192
5194
5278
5278
5281
5285
5288
5290
5294
5297
5300
5331
5332
5334
5336
5340
5343
5346
5349
5351
5353
5357
5391
5392
5396
5399
5402
5405
5408
5411
5414
5417
5421
5453
5455
5458
5461
5464
5467
5471
5473
5476
5480
5483
5502
5504
5507
5510
5513
5516
5519
5521
5524
5528
5542
5543
5546
5549
5551
5555
5558
5562
5564
5567
5619
5620
5622
5625
5628
5631
5634
5636
5639
5642
5644
5648
5681
5681
5685
5688
5691
5694
5697
5700
5703
5723
5723
5727
5731
5733
5737
5740
5743
5747
5749
5752
5756
5792
5792
5796
5800
5802
5805
5809
5812
5814
5816
5818
5833
5835
5838
5839
5843
5846
5849
5852
5855
5875
5876
5879
5883
5886
5888
5891
5894
5897
5899
5901
5916
5918
5919
5922
5926
5929
5931
5935
5938
5941
5945
5964
5966
5969
5972
5975
5978
5981
5985
5988
5989
6009
6010
6012
6016
6018
6021
6025
6027
6028
6031
6033
6065
6065
6068
6071
6072
6075
6077
6080
6082
6098
6099
6103
6105
6108
6111
6114
6117
6119
6121
6139
6141
6143
6146
6150
6152
6155
6159
6161
6163
6179
6179
6183
6187
6190
6193
6197
6199
6202
6223
6223
6225
6227
6230
6233
6236
6239
6241
6243
6246
6267
6268
6270
6273
6277
6280
6282
6286
6289
6292
6294
6297
6313
6315
6317
6321
6323
6327
6330
6332
6334
6335
6353
6353
6356
6359
6362
6365
6367
6370
6373
6376
6396
6397
6399
6403
6406
6409
6411
6415
6417
6420
6423
6424
6442
6443
6446
6449
6452
6454
6458
6460
6463
6467
6484
6484
6487
6490
6493
6495
6499
6502
6505
6508
6511
6529
6530
6533
6537
6540
6543
6546
6549
6553
6555
6572
6574
6577
6581
6584
6587
6590
6592
6593
6597
6616
6616
6619
6621
6622
6625
6627
6629
6632
6634
6637
6656
6657
6661
6664
6666
6668
6672
6675
6679
6682
6684
6700
6702
6705
6707
6711
6714
6717
6721
6724
6726
6746
6747
6750
6753
6756
6758
6761
6764
6766
6769
6771
6782
6783
6787
6789
6792
6796
6805
6813
6830
6831
6833
6835
6839
6842
6845
6848
6849
6869
6870
6872
6876
6879
6882
6884
6886
6889
6892
6895
6896
6914
6914
6918
6920
6923
6926
6928
6932
6935
6939
6941
6941
6959
6961
6964
6967
6970
6972
6975
6979
6981
6983
7001
7002
7004
7008
7011
7014
7018
7020
7023
7026
7044
7045
7048
7051
7053
7056
7059
7063
7066
7067
7071
7093
7093
7096
7098
7101
7104
7107
7110
7114
7117
7135
7136
7138
7142
7144
7146
7150
7153
7156
7159
7161
7181
7182
7186
7188
7190
7193
7195
7197
7200
7202
7204
7219
7220
7223
7226
7228
7230
7232
7235
7238
7256
7256
7258
7260
7261
7264
7266
7268
7271
7272
7275
7290
7292
7294
7297
7300
7302
7305
7307
7309
7327
7328
7329
7333
7335
7339
7341
7343
7345
7347
7350
7354
7373
7373
7376
7378
7382
7385
7388
7390
7393
7396
7413
7413
7416
7418
7421
7424
7427
7430
7433
7436
7452
7454
7457
7458
7462
7465
7468
7472
7473
7486
7487
7489
7491
7495
7497
7498
7502
7521
7521
7524
7527
7529
7532
7534
7537
7540
7542
7545
7560
7561
7565
7567
7570
7571
7573
7591
7593
7595
7599
7602
7604
7608
7610
7613
7615
7644
7645
7648
7650
7653
7656
7658
7660
7678
7679
7681
7684
7687
7689
7691
7694
7697
7699
7701
7718
7720
7723
7725
7727
7729
7731
7735
7738
7739
7758
7759
7761
7765
7767
7770
7773
7775
7776
7780
7783
7802
7803
7806
7808
7810
7812
7816
7818
7821
7824
7827
7841
7842
7844
7848
7851
7855
7858
7862
7880
7881
7882
7884
7887
7889
7892
7894
7897
7900
7904
7922
7923
7927
7930
7933
7936
7938
7940
7942
7944
7960
7960
7964
7966
7968
7969
7971
7974
7977
7996
7996
7999
8001
8004
8007
8010
8013
8017
8018
8021
8040
8042
8044
8046
8048
8051
8053
8056
8057
8061
8077
8077
8080
8083
8086
8088
8091
8095
8098
8115
8117
8120
8123
8126
8129
8131
8133
8135
8171
8172
8176
8178
8180
8182
8184
8188
8190
8207
8207
8209
8212
8213
8215
8217
8218
8220
8223
8243
8243
8245
8247
8250
8253
8256
8258
8260
8263
8283
8283
8286
8289
8291
8295
8296
8299
8301
8303
8319
8320
8322
8324
8327
8330
8333
8334
8337
8340
8357
8357
8361
8364
8368
8371
8372
8376
8379
8382
8402
8403
8407
8410
8413
8415
8417
8418
8421
8425
8427
8430
8465
8466
8468
8471
8473
8476
8479
8482
8485
8489
8509
8510
8513
8514
8517
8519
8521
8525
8527
8530
8532
8551
8551
8554
8557
8560
8563
8566
8568
8572
8574
8578
8596
8597
8599
8602
8606
8608
8611
8614
8617
8620
8622
8642
8642
8646
8649
8650
8653
8656
8659
8660
8663
8666
8685
8685
8687
8689
8691
8693
8696
8699
8702
8704
8724
8725
8726
8729
8732
8734
8736
8738
8740
8742
8743
8762
8762
8764
8767
8771
8773
8774
8776
8779
8782
8784
8802
8802
8804
8807
8810
8812
8814
8815
8817
8819
8822
8837
8838
8841
8842
8844
8846
8848
8850
8852
8853
8867
8868
8871
8875
8878
8881
8884
8886
8902
8902
8906
8909
8911
8913
8915
8917
8919
8936
8937
8939
8941
8943
8946
8948
8951
8952
8955
8967
8967
8971
8973
8976
8978
8993
8994
8997
8998
9000
9003
9005
9007
9008
9010
9029
9029
9032
9034
9036
9039
9043
9046
9049
9052
9071
9072
9075
9078
9081
9084
9086
9087
9091
9094
9097
9101
9119
9120
9123
9125
9127
9130
9132
9135
9139
9141
9144
9162
9163
9165
9169
9170
9173
9175
9178
9179
9182
9185
9204
9206
9209
9211
9214
9216
9219
9220
9222
9224
9243
9244
9246
9249
9252
9255
9258
9261
9263
9266
9269
9286
9287
9291
9294
9297
9300
9302
9305
9307
9310
9329
9330
9332
9336
9339
9342
9344
9346
9348
9349
9351
9354
9373
9373
9375
9378
9380
9383
9386
9387
9389
9392
9394
9409
9411
9413
9414
9418
9420
9423
9424
9426
9428
9446
9447
9449
9452
9455
9456
9459
9461
9463
9465
9484
9485
9488
9490
9492
9494
9496
9499
9502
9504
9505
9508
9508
9509
9511
9513
9515
9517
9518
9520
9522
9523
9525
9527
9529
9530
9532
9532
9532
9532
9532
9532
9532
9532
9532
9532
9532
9532
9532
9532
9532
9532
9532
9532
9532
9532
9532
9532
9532
9532
9532
9532
9532
9532
9532
9532
9532
9532
9532
9532
9532
9532
9532
9532
9532
9532
9532
9532
9532
9532
9532
9532
9532
9532
9532
9532
9532
9532
9532
9532
9532
9532
9532
9532
9532
9532
9532
9532
9532
9532
9532
9532
9532
9532
9532
9532
9532
9532
9532
9532
9532
9532
9532
9532
9532
9532
9532
9532
9532
9532
9532
9532
9532
9532
9532
9532
9532
9532
9532
9532
9532
9532
9532
9532
9532
9532
9532
9532
9532
9532
9532
9532
9532
9532
9532
9532
9532
9532
9532
9532
9532
9532
9532
9532
9532
9532
9532
9532
9532
9532
9532
9532
9532
9532
9532
9532
9532
9532
9532
9532
9532
9532
9532
9532
9532
9532
9532
9532
9532
9532
9532
9532
9532
9532
9532
9532
9532
9532
9532
9532
9532
9532
9532
9532
9532
9532
9532
9532
9532
9532
9532
9532
9532
9532
9532
9532
9532
9532
9532
9532
9532
9532
9532
9532
9532
9532
9532
9532
9532
9532
9532
9532
9532
9532
9532
9532
9532
9532
9532
9532
9532
9532
9532
9532
9532
9532
9532
9532
9532
9532
9532
9532
9532
9532
9532
9532
9532
9532
9532
9532
9532
9532
9532
9532
9532
9532
9532
9532
9532
9532
9532
9532
9532
9532
9532
9532
9532
9532
9532
9532
9532
9532
9532
9532
9532
9532
9532
9532
9532
9532
9532
9532
9532
9532
9532
9532
9532
9532
9532
9532
