0
0
0
0
0
0
0
0
0
0
0
0
0
0
73
79
83
90
91
96
99
102
106
130
132
134
137
142
145
147
151
154
192
198
201
205
208
211
215
218
220
283
285
289
293
295
298
302
305
308
345
348
355
358
361
364
369
373
376
379
444
447
449
452
456
460
464
469
472
475
510
516
520
523
526
530
534
536
604
612
615
621
626
629
632
637
641
642
692
695
698
701
707
715
722
729
732
735
740
844
852
855
858
862
870
875
878
883
887
1012
1020
1023
1025
1028
1031
1034
1037
1044
1052
1138
1151
1154
1158
1161
1165
1167
1171
1174
1176
1180
1254
1256
1259
1262
1266
1271
1273
1277
1348
1351
1353
1357
1359
1377
1377
1380
1382
1385
1387
1390
1393
1396
1399
1486
1487
1490
1493
1496
1499
1502
1505
1508
1511
1625
1625
1628
1631
1635
1639
1641
1646
1648
1651
1658
1660
1725
1728
1731
1734
1737
1740
1741
1745
1748
1815
1816
1819
1823
1826
1828
1832
1834
1838
1882
1885
1889
1892
1896
1899
1902
1905
1909
1967
1985
1988
1990
1993
1997
2000
2004
2008
2042
2043
2046
2049
2054
2056
2060
2065
2125
2137
2139
2142
2146
2149
2153
2156
2159
2162
2232
2239
2243
2248
2251
2254
2257
2260
2264
2267
2350
2354
2357
2361
2370
2374
2379
2382
2385
2428
2429
2432
2435
2438
2442
2446
2449
2452
2454
2530
2531
2534
2538
2540
2544
2547
2549
2553
2556
2614
2620
2623
2626
2629
2631
2634
2638
2641
2678
2685
2688
2692
2696
2698
2702
2711
2761
2767
2772
2775
2778
2780
2783
2787
2790
2795
2835
2840
2843
2846
2848
2853
2856
2859
2861
2865
2922
2924
2931
2949
2952
2954
2957
2960
3005
3007
3011
3014
3017
3021
3023
3026
3032
3135
3142
3146
3150
3154
3157
3160
3163
3166
3218
3220
3222
3226
3231
3234
3237
3241
3243
3246
3250
3322
3329
3334
3339
3342
3346
3350
3353
3356
3419
3424
3426
3428
3430
3434
3437
3440
3480
3480
3483
3498
3503
3505
3508
3512
3515
3580
3582
3586
3590
3596
3600
3602
3606
3609
3670
3679
3683
3689
3693
3696
3699
3702
3706
3799
3801
3805
3808
3811
3815
3817
3820
3825
3861
3863
3867
3874
3877
3880
3883
3887
3894
3898
3973
3982
3987
3990
3993
3996
3999
4002
4005
4027
4029
4033
4036
4040
4044
4047
4051
4054
4056
4157
4163
4166
4169
4172
4176
4180
4182
4186
4193
4239
4240
4243
4246
4249
4252
4255
4258
4261
4265
4268
4341
4347
4350
4352
4354
4358
4361
4365
4369
4393
4395
4399
4403
4406
4409
4413
4419
4423
4438
4501
4504
4508
4512
4515
4519
4523
4530
4533
4537
4636
4642
4645
4649
4654
4656
4661
4663
4781
4782
4788
4794
4797
4801
4805
4808
4940
4943
4946
4949
4953
4956
4959
4962
4965
4968
5052
5061
5065
5069
5073
5081
5093
5098
5101
5104
5243
5252
5255
5259
5262
5265
5269
5271
5274
5278
5360
5365
5369
5372
5376
5378
5381
5385
5388
5488
5492
5495
5501
5504
5507
5510
5514
5518
5604
5605
5607
5614
5621
5624
5627
5630
5633
5714
5724
5728
5732
5734
5741
5745
5748
5751
5754
5756
5870
5872
5874
5877
5881
5884
5887
5890
5893
5896
5900
6020
6021
6024
6027
6030
6033
6036
6039
6042
6105
6105
6109
6111
6112
6115
6118
6121
6124
6124
6129
6206
6208
6211
6212
6216
6219
6222
6225
6228
6229
6296
6297
6299
6303
6306
6309
6313
6316
6319
6371
6372
6375
6379
6383
6385
6388
6392
6395
6398
6424
6425
6426
6430
6433
6437
6440
6442
6446
6449
6453
6518
6519
6522
6526
6529
6531
6534
6537
6540
6544
6562
6563
6567
6570
6573
6576
6579
6583
6586
6589
6646
6648
6652
6654
6658
6661
6665
6675
6679
6718
6720
6723
6727
6729
6733
6735
6738
6741
6744
6763
6765
6767
6771
6774
6778
6781
6784
6787
6790
6816
6818
6820
6824
6827
6830
6832
6835
6838
6842
6860
6861
6865
6868
6869
6873
6876
6879
6883
6886
6931
6932
6935
6938
6939
6941
6943
6945
6947
6989
6990
6993
6996
6999
7003
7066
7067
7070
7072
7075
7077
7079
7080
7087
7089
7108
7111
7114
7118
7121
7124
7125
7127
7129
7132
7164
7164
7168
7171
7175
7177
7180
7184
7186
7203
7204
7206
7210
7212
7215
7219
7265
7266
7269
7273
7275
7278
7282
7285
7287
7305
7306
7310
7313
7317
7320
7324
7327
7330
7406
7407
7410
7413
7417
7420
7424
7427
7429
7433
7501
7502
7506
7509
7512
7516
7523
7528
7532
7536
7619
7624
7627
7630
7633
7637
7642
7645
7648
7651
7703
7704
7706
7709
7713
7716
7718
7722
7725
7728
7751
7753
7756
7761
7766
7769
7773
7776
7778
7819
7820
7821
7825
7828
7831
7834
7836
7840
7843
7907
7909
7914
7917
7921
7924
7927
7929
7932
7936
8021
8023
8027
8031
8034
8037
8040
8042
8046
8115
8116
8118
8121
8124
8126
8129
8132
8135
8139
8219
8223
8227
8231
8234
8237
8241
8243
8246
8250
8289
8291
8295
8298
8300
8304
8308
8311
8314
8377
8379
8385
8388
8391
8394
8397
8400
8404
8552
8555
8559
8562
8565
8568
8572
8575
8579
8582
8690
8694
8697
8701
8704
8707
8710
8713
8717
8802
8803
8806
8809
8812
8815
8818
8822
8825
8828
8912
8913
8915
8920
8959
8966
8970
8974
8976
8979
8983
8986
8989
9041
9047
9050
9054
9058
9061
9065
9068
9092
9094
9098
9101
9102
9106
9109
9112
9116
9161
9175
9179
9185
9188
9191
9194
9197
9200
9203
9246
9250
9254
9256
9259
9263
9266
9269
9273
9310
9311
9315
9319
9322
9325
9329
9333
9336
9394
9416
9419
9430
9438
9441
9443
9447
9451
9490
9493
9498
9502
9506
9528
9530
9534
9536
9540
9543
9548
9551
9554
9661
9661
9665
9669
9672
9676
9680
9682
9685
9690
9711
9712
9716
9719
9723
9726
9729
9732
9735
9738
9794
9796
9799
9802
9805
9808
9811
9815
9818
9890
9891
9894
9897
9900
9903
9906
9910
9912
9914
9918
9980
9981
9985
9988
9990
9994
9997
10000
10004
10007
10073
10074
10077
10078
10082
10085
10088
10092
10095
10133
10134
10138
10142
10184
10186
10188
10191
10195
10196
10199
10201
10203
10205
10222
10222
10226
10229
10231
10233
10234
10237
10241
10259
10260
10263
10266
10269
10273
10276
10279
10282
10285
10300
10302
10304
10308
10317
10341
10344
10352
10357
10360
10361
10365
10372
10375
10379
10396
10397
10400
10404
10407
10410
10413
10415
10419
10438
10439
10443
10446
10449
10452
10453
10457
10460
10463
10479
10481
10485
10488
10491
10494
10498
10501
10539
10540
10543
10546
10549
10552
10555
10558
10562
10565
10567
10584
10585
10589
10591
10595
10598
10601
10605
10620
10621
10623
10625
10628
10630
10632
10635
10641
10663
10664
10666
10669
10673
10675
10678
10681
10684
10687
10690
10728
10728
10731
10733
10736
10740
10743
10745
10765
10765
10769
10772
10775
10779
10788
10794
10797
10816
10818
10820
10823
10827
10830
10833
10836
10841
10844
10848
10868
10869
10873
10876
10878
10882
10886
10889
10893
10896
10999
11003
11005
11008
11012
11016
11019
11022
11025
11030
11084
11086
11089
11093
11104
11107
11112
11116
11119
11122
11126
11169
11169
11174
11177
11180
11184
11187
11191
11193
11196
11272
11279
11281
11285
11291
11300
11304
11307
11311
11331
11331
11335
11338
11342
11345
11348
11351
11355
11387
11387
11391
11398
11403
11406
11410
11416
11419
11423
11534
11546
11552
11555
11557
11561
11564
11567
11628
11628
11631
11635
11638
11639
11643
11647
11650
11685
11687
11690
11696
11697
11701
11705
11708
11751
11754
11755
11758
11762
11765
11767
11771
11774
11843
11849
11852
11855
11859
11862
11865
11868
11872
11890
11892
11894
11898
11902
11906
11909
11912
11915
11920
11988
11989
11992
11998
12004
12006
12009
12013
12016
12019
12112
12113
12117
12120
12123
12126
12129
12133
12136
12138
12198
12198
12201
12205
12208
12211
12215
12217
12237
12239
12241
12245
12248
12251
12253
12256
12258
12261
12265
12291
12292
12296
12300
12301
12305
12308
12310
12314
12317
12333
12335
12338
12340
12343
12346
12350
12352
12355
12393
12394
12396
12399
12402
12405
12406
12408
12410
12414
12432
12433
12437
12440
12442
12443
12446
12448
12450
12470
12470
12472
12475
12477
12478
12480
12482
12484
12486
12534
12535
12538
12541
12544
12546
12549
12552
12554
12557
12573
12574
12576
12578
12579
12581
12583
12585
12587
12604
12606
12609
12610
12612
12614
12617
12620
12621
12625
12642
12642
12644
12647
12649
12651
12653
12656
12659
12662
12697
12697
12699
12701
12703
12704
12706
12708
12711
12727
12728
12731
12733
12736
12739
12740
12743
12747
12818
12820
12821
12823
12825
12828
12831
12833
12836
12888
12890
12892
12895
12899
12900
12904
12907
12910
12947
12947
12950
12953
12956
12958
12962
12964
12967
13008
13010
13012
13016
13019
13022
13024
13027
13045
13046
13048
13052
13055
13059
13061
13064
13068
13106
13106
13107
13111
13113
13116
13119
13121
13123
13125
13127
13130
13133
13134
13136
13139
13143
13146
13149
13152
13155
13157
13160
13164
13167
13169
13171
13174
13176
13179
13183
13186
13189
13192
13194
13197
13199
13201
13203
13205
13208
13211
13214
13217
13219
13221
13223
13226
13228
13229
13231
13233
13236
13238
13240
13242
13244
13246
13249
13253
13256
13258
13259
13263
13266
13269
13272
13274
13278
13281
13284
13286
13289
13292
13295
13297
13299
13301
13303
13305
13307
13309
13310
13312
13314
13316
13318
13321
13323
13324
13326
13328
13331
13335
13338
13341
13343
13346
13349
13353
13356
13360
13363
13366
13368
13371
13373
13375
13377
13379
13382
13385
13387
13389
13390
13394
13397
13401
13404
13408
13411
13414
13417
13419
13421
13423
13425
13427
13429
13430
13432
13434
13436
13440
13442
13444
13446
13448
13451
13454
13456
13459
13462
13465
13467
13471
13474
13478
13481
13484
13488
13490
13493
13496
13499
13503
13506
13509
13512
13515
13518
13522
13525
13528
13530
13531
13535
13537
13539
13541
13543
13545
13546
13548
13551
13555
13558
13561
13564
13566
13568
13571
13573
13575
13576
13578
13580
13582
13585
13587
13590
13594
13596
13598
13599
13601
13605
13608
13616
13621
13624
13628
13632
13634
13639
13642
13646
13649
13652
13654
13658
13661
13664
13668
13671
13675
13677
13681
13683
13686
13690
13693
13696
13699
13702
13706
13709
13712
13715
13718
13722
13725
13729
13732
13734
13738
13741
13744
13748
13751
13753
13756
13759
13761
13763
13766
13769
13772
13775
13779
13782
13785
13788
13791
13795
13797
13801
13804
13807
13811
13815
13818
13822
13824
13827
13830
13833
13836
13839
13842
13844
13847
13850
13853
13857
13859
13860
13860
13860
13860
13860
13860
13860
13860
13860
13860
13860
13860
13860
13860
13860
13860
13860
13860
13860
13860
13860
13860
13860
13860
13860
13860
13860
